OID_,VALUE,COUNT,,81,,81
1,81,1,,86,,86
2,86,1,,90,,90
3,90,1,,93,,93
4,93,1,,97,,97
5,97,1,,120,,120
6,120,2,,120,,120
8,121,1,,121,,121
9,122,2,,122,,122
11,126,4,,122,,122
15,127,1,,126,,126
16,128,1,,126,,126
17,129,1,,126,,126
18,130,4,,126,,126
22,131,1,,127,,127
23,134,2,,128,,128
25,135,6,,129,,129
31,136,3,,130,,130
34,137,3,,130,,130
37,139,3,,130,,130
40,140,2,,130,,130
42,141,3,,131,,131
45,142,6,,134,,134
51,143,4,,134,,134
55,144,2,,135,,135
57,146,3,,135,,135
60,147,2,,135,,135
62,149,1,,135,,135
63,150,7,,135,,135
70,151,5,,135,,135
75,152,4,,136,,136
79,153,2,,136,,136
81,155,2,,136,,136
83,156,1,,137,,137
84,157,3,,137,,137
87,158,2,,137,,137
89,159,3,,139,,139
92,160,2,,139,,139
94,161,1,,139,,139
95,162,1,,140,,140
96,163,4,,140,,140
100,164,2,,141,,141
102,169,2,,141,,141
104,170,2,,141,,141
106,172,2,,142,,142
108,173,1,,142,,142
109,176,1,,142,,142
110,177,1,,142,,142
111,178,5,,142,,142
116,179,1,,142,,142
117,180,1,,143,,143
118,181,2,,143,,143
120,182,2,,143,,143
122,183,3,,143,,143
125,184,2,,144,,144
127,185,1,,144,,144
128,187,2,,146,,146
130,188,2,,146,,146
132,189,2,,146,,146
134,190,2,,147,,147
136,191,3,,147,,147
139,192,5,,149,,149
144,193,2,,150,,150
146,194,3,,150,,150
149,195,2,,150,,150
151,196,4,,150,,150
155,197,5,,150,,150
160,198,1,,150,,150
161,199,3,,150,,150
164,200,3,,151,,151
167,201,4,,151,,151
171,202,5,,151,,151
176,203,7,,151,,151
183,204,6,,151,,151
189,205,10,,152,,152
199,206,8,,152,,152
207,207,13,,152,,152
220,208,9,,152,,152
229,209,4,,153,,153
233,210,11,,153,,153
244,211,5,,155,,155
249,212,11,,155,,155
260,213,8,,156,,156
268,214,17,,157,,157
285,215,10,,157,,157
295,216,19,,157,,157
314,217,9,,158,,158
323,218,10,,158,,158
333,219,17,,159,,159
350,220,14,,159,,159
364,221,17,,159,,159
381,222,8,,160,,160
389,223,8,,160,,160
397,224,8,,161,,161
405,225,9,,162,,162
414,226,15,,163,,163
429,227,13,,163,,163
442,228,15,,163,,163
457,229,10,,163,,163
467,230,13,,164,,164
480,231,9,,164,,164
489,232,10,,169,,169
499,233,17,,169,,169
516,234,15,,170,,170
531,235,7,,170,,170
538,236,16,,172,,172
554,237,17,,172,,172
571,238,11,,173,,173
582,239,18,,176,,176
600,240,13,,177,,177
613,241,22,,178,,178
635,242,17,,178,,178
652,243,14,,178,,178
666,244,14,,178,,178
680,245,14,,178,,178
694,246,10,,179,,179
704,247,12,,180,,180
716,248,14,,181,,181
730,249,5,,181,,181
735,250,13,,182,,182
748,251,7,,182,,182
755,252,7,,183,,183
762,253,5,,183,,183
767,254,11,,183,,183
778,255,5,,184,,184
783,256,6,,184,,184
789,257,4,,185,,185
793,258,5,,187,,187
798,259,6,,187,,187
804,260,3,,188,,188
807,261,6,,188,,188
813,262,3,,189,,189
816,265,3,,189,,189
819,266,4,,190,,190
823,268,1,,190,,190
824,270,2,,191,,191
826,271,3,,191,,191
829,272,4,,191,,191
833,273,1,,192,,192
834,274,1,,192,,192
835,275,1,,192,,192
836,276,2,,192,,192
838,279,1,,192,,192
,,,,193,,193
,,,,193,,193
,,,,194,,194
,,,,194,,194
,,,,194,,194
,,,,195,,195
,,,,195,,195
,,,,196,,196
,,,,196,,196
,,,,196,,196
,,,,196,,196
,,,,197,,197
,,,,197,,197
,,,,197,,197
,,,,197,,197
,,,,197,,197
,,,,198,,198
,,,,199,,199
,,,,199,,199
,,,,199,,199
,,,,200,,200
,,,,200,,200
,,,,200,,200
,,,,201,,201
,,,,201,,201
,,,,201,,201
,,,,201,,201
,,,,202,,202
,,,,202,,202
,,,,202,,202
,,,,202,,202
,,,,202,,202
,,,,203,,203
,,,,203,,203
,,,,203,,203
,,,,203,,203
,,,,203,,203
,,,,203,,203
,,,,203,,203
,,,,204,,204
,,,,204,,204
,,,,204,,204
,,,,204,,204
,,,,204,,204
,,,,204,,204
,,,,205,,205
,,,,205,,205
,,,,205,,205
,,,,205,,205
,,,,205,,205
,,,,205,,205
,,,,205,,205
,,,,205,,205
,,,,205,,205
,,,,205,,205
,,,,206,,206
,,,,206,,206
,,,,206,,206
,,,,206,,206
,,,,206,,206
,,,,206,,206
,,,,206,,206
,,,,206,,206
,,,,207,,207
,,,,207,,207
,,,,207,,207
,,,,207,,207
,,,,207,,207
,,,,207,,207
,,,,207,,207
,,,,207,,207
,,,,207,,207
,,,,207,,207
,,,,207,,207
,,,,207,,207
,,,,207,,207
,,,,208,,208
,,,,208,,208
,,,,208,,208
,,,,208,,208
,,,,208,,208
,,,,208,,208
,,,,208,,208
,,,,208,,208
,,,,208,,208
,,,,209,,209
,,,,209,,209
,,,,209,,209
,,,,209,,209
,,,,210,,210
,,,,210,,210
,,,,210,,210
,,,,210,,210
,,,,210,,210
,,,,210,,210
,,,,210,,210
,,,,210,,210
,,,,210,,210
,,,,210,,210
,,,,210,,210
,,,,211,,211
,,,,211,,211
,,,,211,,211
,,,,211,,211
,,,,211,,211
,,,,212,,212
,,,,212,,212
,,,,212,,212
,,,,212,,212
,,,,212,,212
,,,,212,,212
,,,,212,,212
,,,,212,,212
,,,,212,,212
,,,,212,,212
,,,,212,,212
,,,,213,,213
,,,,213,,213
,,,,213,,213
,,,,213,,213
,,,,213,,213
,,,,213,,213
,,,,213,,213
,,,,213,,213
,,,,214,,214
,,,,214,,214
,,,,214,,214
,,,,214,,214
,,,,214,,214
,,,,214,,214
,,,,214,,214
,,,,214,,214
,,,,214,,214
,,,,214,,214
,,,,214,,214
,,,,214,,214
,,,,214,,214
,,,,214,,214
,,,,214,,214
,,,,214,,214
,,,,214,,214
,,,,215,,215
,,,,215,,215
,,,,215,,215
,,,,215,,215
,,,,215,,215
,,,,215,,215
,,,,215,,215
,,,,215,,215
,,,,215,,215
,,,,215,,215
,,,,216,,216
,,,,216,,216
,,,,216,,216
,,,,216,,216
,,,,216,,216
,,,,216,,216
,,,,216,,216
,,,,216,,216
,,,,216,,216
,,,,216,,216
,,,,216,,216
,,,,216,,216
,,,,216,,216
,,,,216,,216
,,,,216,,216
,,,,216,,216
,,,,216,,216
,,,,216,,216
,,,,216,,216
,,,,217,,217
,,,,217,,217
,,,,217,,217
,,,,217,,217
,,,,217,,217
,,,,217,,217
,,,,217,,217
,,,,217,,217
,,,,217,,217
,,,,218,,218
,,,,218,,218
,,,,218,,218
,,,,218,,218
,,,,218,,218
,,,,218,,218
,,,,218,,218
,,,,218,,218
,,,,218,,218
,,,,218,,218
,,,,219,,219
,,,,219,,219
,,,,219,,219
,,,,219,,219
,,,,219,,219
,,,,219,,219
,,,,219,,219
,,,,219,,219
,,,,219,,219
,,,,219,,219
,,,,219,,219
,,,,219,,219
,,,,219,,219
,,,,219,,219
,,,,219,,219
,,,,219,,219
,,,,219,,219
,,,,220,,220
,,,,220,,220
,,,,220,,220
,,,,220,,220
,,,,220,,220
,,,,220,,220
,,,,220,,220
,,,,220,,220
,,,,220,,220
,,,,220,,220
,,,,220,,220
,,,,220,,220
,,,,220,,220
,,,,220,,220
,,,,221,,221
,,,,221,,221
,,,,221,,221
,,,,221,,221
,,,,221,,221
,,,,221,,221
,,,,221,,221
,,,,221,,221
,,,,221,,221
,,,,221,,221
,,,,221,,221
,,,,221,,221
,,,,221,,221
,,,,221,,221
,,,,221,,221
,,,,221,,221
,,,,221,,221
,,,,222,,222
,,,,222,,222
,,,,222,,222
,,,,222,,222
,,,,222,,222
,,,,222,,222
,,,,222,,222
,,,,222,,222
,,,,223,,223
,,,,223,,223
,,,,223,,223
,,,,223,,223
,,,,223,,223
,,,,223,,223
,,,,223,,223
,,,,223,,223
,,,,224,,224
,,,,224,,224
,,,,224,,224
,,,,224,,224
,,,,224,,224
,,,,224,,224
,,,,224,,224
,,,,224,,224
,,,,225,,225
,,,,225,,225
,,,,225,,225
,,,,225,,225
,,,,225,,225
,,,,225,,225
,,,,225,,225
,,,,225,,225
,,,,225,,225
,,,,226,,226
,,,,226,,226
,,,,226,,226
,,,,226,,226
,,,,226,,226
,,,,226,,226
,,,,226,,226
,,,,226,,226
,,,,226,,226
,,,,226,,226
,,,,226,,226
,,,,226,,226
,,,,226,,226
,,,,226,,226
,,,,226,,226
,,,,227,,227
,,,,227,,227
,,,,227,,227
,,,,227,,227
,,,,227,,227
,,,,227,,227
,,,,227,,227
,,,,227,,227
,,,,227,,227
,,,,227,,227
,,,,227,,227
,,,,227,,227
,,,,227,,227
,,,,228,,228
,,,,228,,228
,,,,228,,228
,,,,228,,228
,,,,228,,228
,,,,228,,228
,,,,228,,228
,,,,228,,228
,,,,228,,228
,,,,228,,228
,,,,228,,228
,,,,228,,228
,,,,228,,228
,,,,228,,228
,,,,228,,228
,,,,229,,229
,,,,229,,229
,,,,229,,229
,,,,229,,229
,,,,229,,229
,,,,229,,229
,,,,229,,229
,,,,229,,229
,,,,229,,229
,,,,229,,229
,,,,230,,230
,,,,230,,230
,,,,230,,230
,,,,230,,230
,,,,230,,230
,,,,230,,230
,,,,230,,230
,,,,230,,230
,,,,230,,230
,,,,230,,230
,,,,230,,230
,,,,230,,230
,,,,230,,230
,,,,231,,231
,,,,231,,231
,,,,231,,231
,,,,231,,231
,,,,231,,231
,,,,231,,231
,,,,231,,231
,,,,231,,231
,,,,231,,231
,,,,232,,232
,,,,232,,232
,,,,232,,232
,,,,232,,232
,,,,232,,232
,,,,232,,232
,,,,232,,232
,,,,232,,232
,,,,232,,232
,,,,232,,232
,,,,233,,233
,,,,233,,233
,,,,233,,233
,,,,233,,233
,,,,233,,233
,,,,233,,233
,,,,233,,233
,,,,233,,233
,,,,233,,233
,,,,233,,233
,,,,233,,233
,,,,233,,233
,,,,233,,233
,,,,233,,233
,,,,233,,233
,,,,233,,233
,,,,233,,233
,,,,234,,234
,,,,234,,234
,,,,234,,234
,,,,234,,234
,,,,234,,234
,,,,234,,234
,,,,234,,234
,,,,234,,234
,,,,234,,234
,,,,234,,234
,,,,234,,234
,,,,234,,234
,,,,234,,234
,,,,234,,234
,,,,234,,234
,,,,235,,235
,,,,235,,235
,,,,235,,235
,,,,235,,235
,,,,235,,235
,,,,235,,235
,,,,235,,235
,,,,236,,236
,,,,236,,236
,,,,236,,236
,,,,236,,236
,,,,236,,236
,,,,236,,236
,,,,236,,236
,,,,236,,236
,,,,236,,236
,,,,236,,236
,,,,236,,236
,,,,236,,236
,,,,236,,236
,,,,236,,236
,,,,236,,236
,,,,236,,236
,,,,237,,237
,,,,237,,237
,,,,237,,237
,,,,237,,237
,,,,237,,237
,,,,237,,237
,,,,237,,237
,,,,237,,237
,,,,237,,237
,,,,237,,237
,,,,237,,237
,,,,237,,237
,,,,237,,237
,,,,237,,237
,,,,237,,237
,,,,237,,237
,,,,237,,237
,,,,238,,238
,,,,238,,238
,,,,238,,238
,,,,238,,238
,,,,238,,238
,,,,238,,238
,,,,238,,238
,,,,238,,238
,,,,238,,238
,,,,238,,238
,,,,238,,238
,,,,239,,239
,,,,239,,239
,,,,239,,239
,,,,239,,239
,,,,239,,239
,,,,239,,239
,,,,239,,239
,,,,239,,239
,,,,239,,239
,,,,239,,239
,,,,239,,239
,,,,239,,239
,,,,239,,239
,,,,239,,239
,,,,239,,239
,,,,239,,239
,,,,239,,239
,,,,239,,239
,,,,240,,240
,,,,240,,240
,,,,240,,240
,,,,240,,240
,,,,240,,240
,,,,240,,240
,,,,240,,240
,,,,240,,240
,,,,240,,240
,,,,240,,240
,,,,240,,240
,,,,240,,240
,,,,240,,240
,,,,241,,241
,,,,241,,241
,,,,241,,241
,,,,241,,241
,,,,241,,241
,,,,241,,241
,,,,241,,241
,,,,241,,241
,,,,241,,241
,,,,241,,241
,,,,241,,241
,,,,241,,241
,,,,241,,241
,,,,241,,241
,,,,241,,241
,,,,241,,241
,,,,241,,241
,,,,241,,241
,,,,241,,241
,,,,241,,241
,,,,241,,241
,,,,241,,241
,,,,242,,242
,,,,242,,242
,,,,242,,242
,,,,242,,242
,,,,242,,242
,,,,242,,242
,,,,242,,242
,,,,242,,242
,,,,242,,242
,,,,242,,242
,,,,242,,242
,,,,242,,242
,,,,242,,242
,,,,242,,242
,,,,242,,242
,,,,242,,242
,,,,242,,242
,,,,243,,243
,,,,243,,243
,,,,243,,243
,,,,243,,243
,,,,243,,243
,,,,243,,243
,,,,243,,243
,,,,243,,243
,,,,243,,243
,,,,243,,243
,,,,243,,243
,,,,243,,243
,,,,243,,243
,,,,243,,243
,,,,244,,244
,,,,244,,244
,,,,244,,244
,,,,244,,244
,,,,244,,244
,,,,244,,244
,,,,244,,244
,,,,244,,244
,,,,244,,244
,,,,244,,244
,,,,244,,244
,,,,244,,244
,,,,244,,244
,,,,244,,244
,,,,245,,245
,,,,245,,245
,,,,245,,245
,,,,245,,245
,,,,245,,245
,,,,245,,245
,,,,245,,245
,,,,245,,245
,,,,245,,245
,,,,245,,245
,,,,245,,245
,,,,245,,245
,,,,245,,245
,,,,245,,245
,,,,246,,246
,,,,246,,246
,,,,246,,246
,,,,246,,246
,,,,246,,246
,,,,246,,246
,,,,246,,246
,,,,246,,246
,,,,246,,246
,,,,246,,246
,,,,247,,247
,,,,247,,247
,,,,247,,247
,,,,247,,247
,,,,247,,247
,,,,247,,247
,,,,247,,247
,,,,247,,247
,,,,247,,247
,,,,247,,247
,,,,247,,247
,,,,247,,247
,,,,248,,248
,,,,248,,248
,,,,248,,248
,,,,248,,248
,,,,248,,248
,,,,248,,248
,,,,248,,248
,,,,248,,248
,,,,248,,248
,,,,248,,248
,,,,248,,248
,,,,248,,248
,,,,248,,248
,,,,248,,248
,,,,249,,249
,,,,249,,249
,,,,249,,249
,,,,249,,249
,,,,249,,249
,,,,250,,250
,,,,250,,250
,,,,250,,250
,,,,250,,250
,,,,250,,250
,,,,250,,250
,,,,250,,250
,,,,250,,250
,,,,250,,250
,,,,250,,250
,,,,250,,250
,,,,250,,250
,,,,250,,250
,,,,251,,251
,,,,251,,251
,,,,251,,251
,,,,251,,251
,,,,251,,251
,,,,251,,251
,,,,251,,251
,,,,252,,252
,,,,252,,252
,,,,252,,252
,,,,252,,252
,,,,252,,252
,,,,252,,252
,,,,252,,252
,,,,253,,253
,,,,253,,253
,,,,253,,253
,,,,253,,253
,,,,253,,253
,,,,254,,254
,,,,254,,254
,,,,254,,254
,,,,254,,254
,,,,254,,254
,,,,254,,254
,,,,254,,254
,,,,254,,254
,,,,254,,254
,,,,254,,254
,,,,254,,254
,,,,255,,255
,,,,255,,255
,,,,255,,255
,,,,255,,255
,,,,255,,255
,,,,256,,256
,,,,256,,256
,,,,256,,256
,,,,256,,256
,,,,256,,256
,,,,256,,256
,,,,257,,257
,,,,257,,257
,,,,257,,257
,,,,257,,257
,,,,258,,258
,,,,258,,258
,,,,258,,258
,,,,258,,258
,,,,258,,258
,,,,259,,259
,,,,259,,259
,,,,259,,259
,,,,259,,259
,,,,259,,259
,,,,259,,259
,,,,260,,260
,,,,260,,260
,,,,260,,260
,,,,261,,261
,,,,261,,261
,,,,261,,261
,,,,261,,261
,,,,261,,261
,,,,261,,261
,,,,262,,262
,,,,262,,262
,,,,262,,262
,,,,265,,265
,,,,265,,265
,,,,265,,265
,,,,266,,266
,,,,266,,266
,,,,266,,266
,,,,266,,266
,,,,268,,268
,,,,270,,270
,,,,270,,270
,,,,271,,271
,,,,271,,271
,,,,271,,271
,,,,272,,272
,,,,272,,272
,,,,272,,272
,,,,272,,272
,,,,273,,273
,,,,274,,274
,,,,275,,275
,,,,276,,276
,,,,276,,276
,,,,279,,279
,,,,,,
,,,,,,
,,,,,,
,,,,,,
,,,,,,
,,,,,,
,,,,,,
,,,,,,
,,,,,,
,,,,,,
,,,,,,
,,,,,,
,,,,,,
,,,,,,
,,,,,,
,,,,,,
,,,,,,
,,,,,,
,,,,,,
,,,,,,
,,,,,,
,,,,,,
,,,,,,
,,,,,,
,,,,,,
,,,,,,
,,,,,,
,,,,,,
,,,,,,
,,,,,,
,,,,,,
,,,,,,
,,,,,,
,,,,,,
,,,,,,
,,,,,,
,,,,,,
