OID_,Value,Count,,87,,87
1,87,1,,90,,90
2,90,1,,94,,94
3,94,1,,95,,95
4,95,1,,99,,99
5,99,1,,101,,101
6,101,1,,103,,103
7,103,1,,104,,104
8,104,2,,104,,104
10,108,1,,108,,108
11,109,3,,109,,109
14,111,1,,109,,109
15,112,1,,109,,109
16,113,3,,111,,111
19,114,3,,112,,112
22,115,2,,113,,113
24,117,5,,113,,113
29,118,4,,113,,113
33,120,3,,114,,114
36,121,5,,114,,114
41,122,4,,114,,114
45,123,2,,115,,115
47,125,2,,115,,115
49,126,4,,117,,117
53,127,5,,117,,117
58,128,3,,117,,117
61,129,6,,117,,117
67,130,3,,117,,117
70,131,2,,118,,118
72,132,4,,118,,118
76,133,3,,118,,118
79,134,2,,118,,118
81,135,2,,120,,120
83,136,3,,120,,120
86,137,3,,120,,120
89,138,1,,121,,121
90,139,3,,121,,121
93,143,3,,121,,121
96,144,6,,121,,121
102,146,3,,121,,121
105,147,1,,122,,122
106,148,2,,122,,122
108,149,2,,122,,122
110,150,2,,122,,122
112,151,3,,123,,123
115,152,2,,123,,123
117,153,3,,125,,125
120,154,2,,125,,125
122,155,1,,126,,126
123,156,4,,126,,126
127,157,2,,126,,126
129,158,1,,126,,126
130,159,1,,127,,127
131,161,1,,127,,127
132,163,1,,127,,127
133,164,1,,127,,127
134,165,2,,127,,127
136,166,1,,128,,128
137,167,1,,128,,128
138,170,2,,128,,128
140,172,2,,129,,129
142,176,1,,129,,129
143,178,1,,129,,129
144,180,2,,129,,129
146,183,1,,129,,129
147,184,1,,129,,129
148,187,1,,130,,130
149,188,1,,130,,130
150,194,1,,130,,130
151,198,3,,131,,131
154,199,4,,131,,131
158,201,2,,132,,132
160,202,2,,132,,132
162,203,1,,132,,132
163,205,1,,132,,132
164,206,2,,133,,133
166,208,5,,133,,133
171,209,2,,133,,133
173,210,1,,134,,134
174,211,1,,134,,134
175,212,4,,135,,135
179,213,1,,135,,135
180,214,3,,136,,136
183,215,3,,136,,136
186,216,4,,136,,136
190,218,3,,137,,137
193,219,6,,137,,137
199,220,1,,137,,137
200,221,4,,138,,138
204,222,2,,139,,139
206,223,2,,139,,139
208,224,2,,139,,139
210,226,2,,143,,143
212,227,3,,143,,143
215,228,4,,143,,143
219,229,5,,144,,144
224,230,1,,144,,144
225,231,3,,144,,144
228,232,1,,144,,144
229,233,7,,144,,144
236,234,4,,144,,144
240,235,4,,146,,146
244,236,4,,146,,146
248,237,5,,146,,146
253,238,2,,147,,147
255,239,3,,148,,148
258,241,3,,148,,148
261,242,5,,149,,149
266,243,3,,149,,149
269,244,5,,150,,150
274,245,1,,150,,150
275,246,2,,151,,151
277,247,3,,151,,151
280,248,1,,151,,151
281,250,1,,152,,152
282,252,2,,152,,152
284,253,1,,153,,153
285,254,5,,153,,153
290,256,4,,153,,153
294,258,2,,154,,154
296,259,2,,154,,154
298,260,4,,155,,155
302,261,2,,156,,156
304,263,2,,156,,156
306,264,1,,156,,156
307,265,2,,156,,156
309,266,3,,157,,157
312,268,2,,157,,157
314,269,8,,158,,158
322,270,2,,159,,159
324,272,1,,161,,161
325,273,5,,163,,163
330,274,1,,164,,164
331,275,5,,165,,165
336,276,5,,165,,165
341,277,3,,166,,166
344,278,4,,167,,167
348,279,1,,170,,170
349,280,7,,170,,170
356,281,7,,172,,172
363,282,5,,172,,172
368,283,3,,176,,176
371,284,6,,178,,178
377,285,5,,180,,180
382,286,8,,180,,180
390,287,4,,183,,183
394,288,7,,184,,184
401,289,8,,187,,187
409,290,5,,188,,188
414,291,9,,194,,194
423,292,9,,198,,198
432,293,9,,198,,198
441,294,7,,198,,198
448,295,9,,199,,199
457,296,9,,199,,199
466,297,6,,199,,199
472,298,9,,199,,199
481,299,11,,201,,201
492,300,7,,201,,201
499,301,7,,202,,202
506,302,10,,202,,202
516,303,6,,203,,203
522,304,7,,205,,205
529,305,10,,206,,206
539,306,8,,206,,206
547,307,11,,208,,208
558,308,11,,208,,208
569,309,9,,208,,208
578,310,8,,208,,208
586,311,4,,208,,208
590,312,6,,209,,209
596,313,7,,209,,209
603,314,6,,210,,210
609,315,4,,211,,211
613,316,7,,212,,212
620,317,2,,212,,212
622,318,7,,212,,212
629,319,6,,212,,212
635,320,3,,213,,213
638,321,3,,214,,214
641,322,5,,214,,214
646,323,2,,214,,214
648,324,3,,215,,215
651,325,2,,215,,215
653,326,1,,215,,215
654,328,4,,216,,216
658,329,1,,216,,216
659,331,1,,216,,216
660,332,2,,216,,216
662,338,1,,218,,218
,,,,218,,218
,,,,218,,218
,,,,219,,219
,,,,219,,219
,,,,219,,219
,,,,219,,219
,,,,219,,219
,,,,219,,219
,,,,220,,220
,,,,221,,221
,,,,221,,221
,,,,221,,221
,,,,221,,221
,,,,222,,222
,,,,222,,222
,,,,223,,223
,,,,223,,223
,,,,224,,224
,,,,224,,224
,,,,226,,226
,,,,226,,226
,,,,227,,227
,,,,227,,227
,,,,227,,227
,,,,228,,228
,,,,228,,228
,,,,228,,228
,,,,228,,228
,,,,229,,229
,,,,229,,229
,,,,229,,229
,,,,229,,229
,,,,229,,229
,,,,230,,230
,,,,231,,231
,,,,231,,231
,,,,231,,231
,,,,232,,232
,,,,233,,233
,,,,233,,233
,,,,233,,233
,,,,233,,233
,,,,233,,233
,,,,233,,233
,,,,233,,233
,,,,234,,234
,,,,234,,234
,,,,234,,234
,,,,234,,234
,,,,235,,235
,,,,235,,235
,,,,235,,235
,,,,235,,235
,,,,236,,236
,,,,236,,236
,,,,236,,236
,,,,236,,236
,,,,237,,237
,,,,237,,237
,,,,237,,237
,,,,237,,237
,,,,237,,237
,,,,238,,238
,,,,238,,238
,,,,239,,239
,,,,239,,239
,,,,239,,239
,,,,241,,241
,,,,241,,241
,,,,241,,241
,,,,242,,242
,,,,242,,242
,,,,242,,242
,,,,242,,242
,,,,242,,242
,,,,243,,243
,,,,243,,243
,,,,243,,243
,,,,244,,244
,,,,244,,244
,,,,244,,244
,,,,244,,244
,,,,244,,244
,,,,245,,245
,,,,246,,246
,,,,246,,246
,,,,247,,247
,,,,247,,247
,,,,247,,247
,,,,248,,248
,,,,250,,250
,,,,252,,252
,,,,252,,252
,,,,253,,253
,,,,254,,254
,,,,254,,254
,,,,254,,254
,,,,254,,254
,,,,254,,254
,,,,256,,256
,,,,256,,256
,,,,256,,256
,,,,256,,256
,,,,258,,258
,,,,258,,258
,,,,259,,259
,,,,259,,259
,,,,260,,260
,,,,260,,260
,,,,260,,260
,,,,260,,260
,,,,261,,261
,,,,261,,261
,,,,263,,263
,,,,263,,263
,,,,264,,264
,,,,265,,265
,,,,265,,265
,,,,266,,266
,,,,266,,266
,,,,266,,266
,,,,268,,268
,,,,268,,268
,,,,269,,269
,,,,269,,269
,,,,269,,269
,,,,269,,269
,,,,269,,269
,,,,269,,269
,,,,269,,269
,,,,269,,269
,,,,270,,270
,,,,270,,270
,,,,272,,272
,,,,273,,273
,,,,273,,273
,,,,273,,273
,,,,273,,273
,,,,273,,273
,,,,274,,274
,,,,275,,275
,,,,275,,275
,,,,275,,275
,,,,275,,275
,,,,275,,275
,,,,276,,276
,,,,276,,276
,,,,276,,276
,,,,276,,276
,,,,276,,276
,,,,277,,277
,,,,277,,277
,,,,277,,277
,,,,278,,278
,,,,278,,278
,,,,278,,278
,,,,278,,278
,,,,279,,279
,,,,280,,280
,,,,280,,280
,,,,280,,280
,,,,280,,280
,,,,280,,280
,,,,280,,280
,,,,280,,280
,,,,281,,281
,,,,281,,281
,,,,281,,281
,,,,281,,281
,,,,281,,281
,,,,281,,281
,,,,281,,281
,,,,282,,282
,,,,282,,282
,,,,282,,282
,,,,282,,282
,,,,282,,282
,,,,283,,283
,,,,283,,283
,,,,283,,283
,,,,284,,284
,,,,284,,284
,,,,284,,284
,,,,284,,284
,,,,284,,284
,,,,284,,284
,,,,285,,285
,,,,285,,285
,,,,285,,285
,,,,285,,285
,,,,285,,285
,,,,286,,286
,,,,286,,286
,,,,286,,286
,,,,286,,286
,,,,286,,286
,,,,286,,286
,,,,286,,286
,,,,286,,286
,,,,287,,287
,,,,287,,287
,,,,287,,287
,,,,287,,287
,,,,288,,288
,,,,288,,288
,,,,288,,288
,,,,288,,288
,,,,288,,288
,,,,288,,288
,,,,288,,288
,,,,289,,289
,,,,289,,289
,,,,289,,289
,,,,289,,289
,,,,289,,289
,,,,289,,289
,,,,289,,289
,,,,289,,289
,,,,290,,290
,,,,290,,290
,,,,290,,290
,,,,290,,290
,,,,290,,290
,,,,291,,291
,,,,291,,291
,,,,291,,291
,,,,291,,291
,,,,291,,291
,,,,291,,291
,,,,291,,291
,,,,291,,291
,,,,291,,291
,,,,292,,292
,,,,292,,292
,,,,292,,292
,,,,292,,292
,,,,292,,292
,,,,292,,292
,,,,292,,292
,,,,292,,292
,,,,292,,292
,,,,293,,293
,,,,293,,293
,,,,293,,293
,,,,293,,293
,,,,293,,293
,,,,293,,293
,,,,293,,293
,,,,293,,293
,,,,293,,293
,,,,294,,294
,,,,294,,294
,,,,294,,294
,,,,294,,294
,,,,294,,294
,,,,294,,294
,,,,294,,294
,,,,295,,295
,,,,295,,295
,,,,295,,295
,,,,295,,295
,,,,295,,295
,,,,295,,295
,,,,295,,295
,,,,295,,295
,,,,295,,295
,,,,296,,296
,,,,296,,296
,,,,296,,296
,,,,296,,296
,,,,296,,296
,,,,296,,296
,,,,296,,296
,,,,296,,296
,,,,296,,296
,,,,297,,297
,,,,297,,297
,,,,297,,297
,,,,297,,297
,,,,297,,297
,,,,297,,297
,,,,298,,298
,,,,298,,298
,,,,298,,298
,,,,298,,298
,,,,298,,298
,,,,298,,298
,,,,298,,298
,,,,298,,298
,,,,298,,298
,,,,299,,299
,,,,299,,299
,,,,299,,299
,,,,299,,299
,,,,299,,299
,,,,299,,299
,,,,299,,299
,,,,299,,299
,,,,299,,299
,,,,299,,299
,,,,299,,299
,,,,300,,300
,,,,300,,300
,,,,300,,300
,,,,300,,300
,,,,300,,300
,,,,300,,300
,,,,300,,300
,,,,301,,301
,,,,301,,301
,,,,301,,301
,,,,301,,301
,,,,301,,301
,,,,301,,301
,,,,301,,301
,,,,302,,302
,,,,302,,302
,,,,302,,302
,,,,302,,302
,,,,302,,302
,,,,302,,302
,,,,302,,302
,,,,302,,302
,,,,302,,302
,,,,302,,302
,,,,303,,303
,,,,303,,303
,,,,303,,303
,,,,303,,303
,,,,303,,303
,,,,303,,303
,,,,304,,304
,,,,304,,304
,,,,304,,304
,,,,304,,304
,,,,304,,304
,,,,304,,304
,,,,304,,304
,,,,305,,305
,,,,305,,305
,,,,305,,305
,,,,305,,305
,,,,305,,305
,,,,305,,305
,,,,305,,305
,,,,305,,305
,,,,305,,305
,,,,305,,305
,,,,306,,306
,,,,306,,306
,,,,306,,306
,,,,306,,306
,,,,306,,306
,,,,306,,306
,,,,306,,306
,,,,306,,306
,,,,307,,307
,,,,307,,307
,,,,307,,307
,,,,307,,307
,,,,307,,307
,,,,307,,307
,,,,307,,307
,,,,307,,307
,,,,307,,307
,,,,307,,307
,,,,307,,307
,,,,308,,308
,,,,308,,308
,,,,308,,308
,,,,308,,308
,,,,308,,308
,,,,308,,308
,,,,308,,308
,,,,308,,308
,,,,308,,308
,,,,308,,308
,,,,308,,308
,,,,309,,309
,,,,309,,309
,,,,309,,309
,,,,309,,309
,,,,309,,309
,,,,309,,309
,,,,309,,309
,,,,309,,309
,,,,309,,309
,,,,310,,310
,,,,310,,310
,,,,310,,310
,,,,310,,310
,,,,310,,310
,,,,310,,310
,,,,310,,310
,,,,310,,310
,,,,311,,311
,,,,311,,311
,,,,311,,311
,,,,311,,311
,,,,312,,312
,,,,312,,312
,,,,312,,312
,,,,312,,312
,,,,312,,312
,,,,312,,312
,,,,313,,313
,,,,313,,313
,,,,313,,313
,,,,313,,313
,,,,313,,313
,,,,313,,313
,,,,313,,313
,,,,314,,314
,,,,314,,314
,,,,314,,314
,,,,314,,314
,,,,314,,314
,,,,314,,314
,,,,315,,315
,,,,315,,315
,,,,315,,315
,,,,315,,315
,,,,316,,316
,,,,316,,316
,,,,316,,316
,,,,316,,316
,,,,316,,316
,,,,316,,316
,,,,316,,316
,,,,317,,317
,,,,317,,317
,,,,318,,318
,,,,318,,318
,,,,318,,318
,,,,318,,318
,,,,318,,318
,,,,318,,318
,,,,318,,318
,,,,319,,319
,,,,319,,319
,,,,319,,319
,,,,319,,319
,,,,319,,319
,,,,319,,319
,,,,320,,320
,,,,320,,320
,,,,320,,320
,,,,321,,321
,,,,321,,321
,,,,321,,321
,,,,322,,322
,,,,322,,322
,,,,322,,322
,,,,322,,322
,,,,322,,322
,,,,323,,323
,,,,323,,323
,,,,324,,324
,,,,324,,324
,,,,324,,324
,,,,325,,325
,,,,325,,325
,,,,326,,326
,,,,328,,328
,,,,328,,328
,,,,328,,328
,,,,328,,328
,,,,329,,329
,,,,331,,331
,,,,332,,332
,,,,332,,332
,,,,338,,338
,,,,,,
,,,,,,
,,,,,,
,,,,,,
,,,,,,
,,,,,,
,,,,,,
,,,,,,
,,,,,,
,,,,,,
,,,,,,
,,,,,,
,,,,,,
,,,,,,
,,,,,,
,,,,,,
,,,,,,
,,,,,,
,,,,,,
,,,,,,
,,,,,,
,,,,,,
,,,,,,
,,,,,,
,,,,,,
,,,,,,
,,,,,,
,,,,,,
