OID_,Value,Count,,91,,91
1,91,1,,120,,120
2,120,1,,124,,124
3,124,1,,132,,132
4,132,1,,150,,150
5,150,1,,158,,158
6,158,1,,163,,163
7,163,2,,163,,163
9,165,1,,165,,165
10,167,2,,167,,167
12,168,1,,167,,167
13,171,2,,168,,168
15,173,6,,171,,171
21,174,2,,171,,171
23,175,2,,173,,173
25,176,4,,173,,173
29,177,1,,173,,173
30,178,1,,173,,173
31,179,2,,173,,173
33,180,5,,173,,173
38,181,1,,174,,174
39,182,5,,174,,174
44,183,4,,175,,175
48,184,3,,175,,175
51,185,2,,176,,176
53,186,2,,176,,176
55,187,2,,176,,176
57,188,3,,176,,176
60,189,1,,177,,177
61,190,5,,178,,178
66,191,1,,179,,179
67,192,2,,179,,179
69,193,1,,180,,180
70,194,4,,180,,180
74,195,2,,180,,180
76,197,2,,180,,180
78,198,1,,180,,180
79,199,1,,181,,181
80,203,2,,182,,182
82,204,1,,182,,182
83,206,1,,182,,182
84,216,1,,182,,182
85,218,1,,182,,182
86,219,2,,183,,183
88,220,1,,183,,183
89,221,1,,183,,183
90,222,1,,183,,183
91,223,1,,184,,184
92,224,2,,184,,184
94,226,1,,184,,184
95,227,1,,185,,185
96,230,1,,185,,185
97,231,5,,186,,186
102,232,2,,186,,186
104,233,2,,187,,187
106,234,5,,187,,187
111,235,2,,188,,188
113,236,2,,188,,188
115,237,5,,188,,188
120,238,8,,189,,189
128,239,8,,190,,190
136,240,5,,190,,190
141,241,9,,190,,190
150,242,7,,190,,190
157,243,7,,190,,190
164,244,9,,191,,191
173,245,11,,192,,192
184,246,20,,192,,192
204,247,20,,193,,193
224,248,17,,194,,194
241,249,12,,194,,194
253,250,18,,194,,194
271,251,25,,194,,194
296,252,11,,195,,195
307,253,16,,195,,195
323,254,15,,197,,197
338,255,13,,197,,197
351,256,17,,198,,198
368,257,13,,199,,199
381,258,17,,203,,203
398,259,13,,203,,203
411,260,13,,204,,204
424,261,13,,206,,206
437,262,15,,216,,216
452,263,15,,218,,218
467,264,22,,219,,219
489,265,16,,219,,219
505,266,17,,220,,220
522,267,22,,221,,221
544,268,18,,222,,222
562,269,20,,223,,223
582,270,19,,224,,224
601,271,11,,224,,224
612,272,21,,226,,226
633,273,23,,227,,227
656,274,9,,230,,230
665,275,19,,231,,231
684,276,12,,231,,231
696,277,15,,231,,231
711,278,14,,231,,231
725,279,11,,231,,231
736,280,10,,232,,232
746,281,9,,232,,232
755,282,13,,233,,233
768,283,9,,233,,233
777,284,5,,234,,234
782,285,6,,234,,234
788,286,3,,234,,234
791,287,3,,234,,234
794,288,2,,234,,234
796,289,2,,235,,235
798,290,2,,235,,235
800,291,3,,236,,236
803,292,1,,236,,236
804,293,1,,237,,237
805,294,1,,237,,237
806,295,1,,237,,237
807,296,2,,237,,237
809,297,1,,237,,237
810,299,1,,238,,238
811,301,2,,238,,238
813,304,1,,238,,238
814,306,1,,238,,238
815,307,1,,238,,238
816,311,1,,238,,238
817,351,1,,238,,238
,,,,238,,238
,,,,239,,239
,,,,239,,239
,,,,239,,239
,,,,239,,239
,,,,239,,239
,,,,239,,239
,,,,239,,239
,,,,239,,239
,,,,240,,240
,,,,240,,240
,,,,240,,240
,,,,240,,240
,,,,240,,240
,,,,241,,241
,,,,241,,241
,,,,241,,241
,,,,241,,241
,,,,241,,241
,,,,241,,241
,,,,241,,241
,,,,241,,241
,,,,241,,241
,,,,242,,242
,,,,242,,242
,,,,242,,242
,,,,242,,242
,,,,242,,242
,,,,242,,242
,,,,242,,242
,,,,243,,243
,,,,243,,243
,,,,243,,243
,,,,243,,243
,,,,243,,243
,,,,243,,243
,,,,243,,243
,,,,244,,244
,,,,244,,244
,,,,244,,244
,,,,244,,244
,,,,244,,244
,,,,244,,244
,,,,244,,244
,,,,244,,244
,,,,244,,244
,,,,245,,245
,,,,245,,245
,,,,245,,245
,,,,245,,245
,,,,245,,245
,,,,245,,245
,,,,245,,245
,,,,245,,245
,,,,245,,245
,,,,245,,245
,,,,245,,245
,,,,246,,246
,,,,246,,246
,,,,246,,246
,,,,246,,246
,,,,246,,246
,,,,246,,246
,,,,246,,246
,,,,246,,246
,,,,246,,246
,,,,246,,246
,,,,246,,246
,,,,246,,246
,,,,246,,246
,,,,246,,246
,,,,246,,246
,,,,246,,246
,,,,246,,246
,,,,246,,246
,,,,246,,246
,,,,246,,246
,,,,247,,247
,,,,247,,247
,,,,247,,247
,,,,247,,247
,,,,247,,247
,,,,247,,247
,,,,247,,247
,,,,247,,247
,,,,247,,247
,,,,247,,247
,,,,247,,247
,,,,247,,247
,,,,247,,247
,,,,247,,247
,,,,247,,247
,,,,247,,247
,,,,247,,247
,,,,247,,247
,,,,247,,247
,,,,247,,247
,,,,248,,248
,,,,248,,248
,,,,248,,248
,,,,248,,248
,,,,248,,248
,,,,248,,248
,,,,248,,248
,,,,248,,248
,,,,248,,248
,,,,248,,248
,,,,248,,248
,,,,248,,248
,,,,248,,248
,,,,248,,248
,,,,248,,248
,,,,248,,248
,,,,248,,248
,,,,249,,249
,,,,249,,249
,,,,249,,249
,,,,249,,249
,,,,249,,249
,,,,249,,249
,,,,249,,249
,,,,249,,249
,,,,249,,249
,,,,249,,249
,,,,249,,249
,,,,249,,249
,,,,250,,250
,,,,250,,250
,,,,250,,250
,,,,250,,250
,,,,250,,250
,,,,250,,250
,,,,250,,250
,,,,250,,250
,,,,250,,250
,,,,250,,250
,,,,250,,250
,,,,250,,250
,,,,250,,250
,,,,250,,250
,,,,250,,250
,,,,250,,250
,,,,250,,250
,,,,250,,250
,,,,251,,251
,,,,251,,251
,,,,251,,251
,,,,251,,251
,,,,251,,251
,,,,251,,251
,,,,251,,251
,,,,251,,251
,,,,251,,251
,,,,251,,251
,,,,251,,251
,,,,251,,251
,,,,251,,251
,,,,251,,251
,,,,251,,251
,,,,251,,251
,,,,251,,251
,,,,251,,251
,,,,251,,251
,,,,251,,251
,,,,251,,251
,,,,251,,251
,,,,251,,251
,,,,251,,251
,,,,251,,251
,,,,252,,252
,,,,252,,252
,,,,252,,252
,,,,252,,252
,,,,252,,252
,,,,252,,252
,,,,252,,252
,,,,252,,252
,,,,252,,252
,,,,252,,252
,,,,252,,252
,,,,253,,253
,,,,253,,253
,,,,253,,253
,,,,253,,253
,,,,253,,253
,,,,253,,253
,,,,253,,253
,,,,253,,253
,,,,253,,253
,,,,253,,253
,,,,253,,253
,,,,253,,253
,,,,253,,253
,,,,253,,253
,,,,253,,253
,,,,253,,253
,,,,254,,254
,,,,254,,254
,,,,254,,254
,,,,254,,254
,,,,254,,254
,,,,254,,254
,,,,254,,254
,,,,254,,254
,,,,254,,254
,,,,254,,254
,,,,254,,254
,,,,254,,254
,,,,254,,254
,,,,254,,254
,,,,254,,254
,,,,255,,255
,,,,255,,255
,,,,255,,255
,,,,255,,255
,,,,255,,255
,,,,255,,255
,,,,255,,255
,,,,255,,255
,,,,255,,255
,,,,255,,255
,,,,255,,255
,,,,255,,255
,,,,255,,255
,,,,256,,256
,,,,256,,256
,,,,256,,256
,,,,256,,256
,,,,256,,256
,,,,256,,256
,,,,256,,256
,,,,256,,256
,,,,256,,256
,,,,256,,256
,,,,256,,256
,,,,256,,256
,,,,256,,256
,,,,256,,256
,,,,256,,256
,,,,256,,256
,,,,256,,256
,,,,257,,257
,,,,257,,257
,,,,257,,257
,,,,257,,257
,,,,257,,257
,,,,257,,257
,,,,257,,257
,,,,257,,257
,,,,257,,257
,,,,257,,257
,,,,257,,257
,,,,257,,257
,,,,257,,257
,,,,258,,258
,,,,258,,258
,,,,258,,258
,,,,258,,258
,,,,258,,258
,,,,258,,258
,,,,258,,258
,,,,258,,258
,,,,258,,258
,,,,258,,258
,,,,258,,258
,,,,258,,258
,,,,258,,258
,,,,258,,258
,,,,258,,258
,,,,258,,258
,,,,258,,258
,,,,259,,259
,,,,259,,259
,,,,259,,259
,,,,259,,259
,,,,259,,259
,,,,259,,259
,,,,259,,259
,,,,259,,259
,,,,259,,259
,,,,259,,259
,,,,259,,259
,,,,259,,259
,,,,259,,259
,,,,260,,260
,,,,260,,260
,,,,260,,260
,,,,260,,260
,,,,260,,260
,,,,260,,260
,,,,260,,260
,,,,260,,260
,,,,260,,260
,,,,260,,260
,,,,260,,260
,,,,260,,260
,,,,260,,260
,,,,261,,261
,,,,261,,261
,,,,261,,261
,,,,261,,261
,,,,261,,261
,,,,261,,261
,,,,261,,261
,,,,261,,261
,,,,261,,261
,,,,261,,261
,,,,261,,261
,,,,261,,261
,,,,261,,261
,,,,262,,262
,,,,262,,262
,,,,262,,262
,,,,262,,262
,,,,262,,262
,,,,262,,262
,,,,262,,262
,,,,262,,262
,,,,262,,262
,,,,262,,262
,,,,262,,262
,,,,262,,262
,,,,262,,262
,,,,262,,262
,,,,262,,262
,,,,263,,263
,,,,263,,263
,,,,263,,263
,,,,263,,263
,,,,263,,263
,,,,263,,263
,,,,263,,263
,,,,263,,263
,,,,263,,263
,,,,263,,263
,,,,263,,263
,,,,263,,263
,,,,263,,263
,,,,263,,263
,,,,263,,263
,,,,264,,264
,,,,264,,264
,,,,264,,264
,,,,264,,264
,,,,264,,264
,,,,264,,264
,,,,264,,264
,,,,264,,264
,,,,264,,264
,,,,264,,264
,,,,264,,264
,,,,264,,264
,,,,264,,264
,,,,264,,264
,,,,264,,264
,,,,264,,264
,,,,264,,264
,,,,264,,264
,,,,264,,264
,,,,264,,264
,,,,264,,264
,,,,264,,264
,,,,265,,265
,,,,265,,265
,,,,265,,265
,,,,265,,265
,,,,265,,265
,,,,265,,265
,,,,265,,265
,,,,265,,265
,,,,265,,265
,,,,265,,265
,,,,265,,265
,,,,265,,265
,,,,265,,265
,,,,265,,265
,,,,265,,265
,,,,265,,265
,,,,266,,266
,,,,266,,266
,,,,266,,266
,,,,266,,266
,,,,266,,266
,,,,266,,266
,,,,266,,266
,,,,266,,266
,,,,266,,266
,,,,266,,266
,,,,266,,266
,,,,266,,266
,,,,266,,266
,,,,266,,266
,,,,266,,266
,,,,266,,266
,,,,266,,266
,,,,267,,267
,,,,267,,267
,,,,267,,267
,,,,267,,267
,,,,267,,267
,,,,267,,267
,,,,267,,267
,,,,267,,267
,,,,267,,267
,,,,267,,267
,,,,267,,267
,,,,267,,267
,,,,267,,267
,,,,267,,267
,,,,267,,267
,,,,267,,267
,,,,267,,267
,,,,267,,267
,,,,267,,267
,,,,267,,267
,,,,267,,267
,,,,267,,267
,,,,268,,268
,,,,268,,268
,,,,268,,268
,,,,268,,268
,,,,268,,268
,,,,268,,268
,,,,268,,268
,,,,268,,268
,,,,268,,268
,,,,268,,268
,,,,268,,268
,,,,268,,268
,,,,268,,268
,,,,268,,268
,,,,268,,268
,,,,268,,268
,,,,268,,268
,,,,268,,268
,,,,269,,269
,,,,269,,269
,,,,269,,269
,,,,269,,269
,,,,269,,269
,,,,269,,269
,,,,269,,269
,,,,269,,269
,,,,269,,269
,,,,269,,269
,,,,269,,269
,,,,269,,269
,,,,269,,269
,,,,269,,269
,,,,269,,269
,,,,269,,269
,,,,269,,269
,,,,269,,269
,,,,269,,269
,,,,269,,269
,,,,270,,270
,,,,270,,270
,,,,270,,270
,,,,270,,270
,,,,270,,270
,,,,270,,270
,,,,270,,270
,,,,270,,270
,,,,270,,270
,,,,270,,270
,,,,270,,270
,,,,270,,270
,,,,270,,270
,,,,270,,270
,,,,270,,270
,,,,270,,270
,,,,270,,270
,,,,270,,270
,,,,270,,270
,,,,271,,271
,,,,271,,271
,,,,271,,271
,,,,271,,271
,,,,271,,271
,,,,271,,271
,,,,271,,271
,,,,271,,271
,,,,271,,271
,,,,271,,271
,,,,271,,271
,,,,272,,272
,,,,272,,272
,,,,272,,272
,,,,272,,272
,,,,272,,272
,,,,272,,272
,,,,272,,272
,,,,272,,272
,,,,272,,272
,,,,272,,272
,,,,272,,272
,,,,272,,272
,,,,272,,272
,,,,272,,272
,,,,272,,272
,,,,272,,272
,,,,272,,272
,,,,272,,272
,,,,272,,272
,,,,272,,272
,,,,272,,272
,,,,273,,273
,,,,273,,273
,,,,273,,273
,,,,273,,273
,,,,273,,273
,,,,273,,273
,,,,273,,273
,,,,273,,273
,,,,273,,273
,,,,273,,273
,,,,273,,273
,,,,273,,273
,,,,273,,273
,,,,273,,273
,,,,273,,273
,,,,273,,273
,,,,273,,273
,,,,273,,273
,,,,273,,273
,,,,273,,273
,,,,273,,273
,,,,273,,273
,,,,273,,273
,,,,274,,274
,,,,274,,274
,,,,274,,274
,,,,274,,274
,,,,274,,274
,,,,274,,274
,,,,274,,274
,,,,274,,274
,,,,274,,274
,,,,275,,275
,,,,275,,275
,,,,275,,275
,,,,275,,275
,,,,275,,275
,,,,275,,275
,,,,275,,275
,,,,275,,275
,,,,275,,275
,,,,275,,275
,,,,275,,275
,,,,275,,275
,,,,275,,275
,,,,275,,275
,,,,275,,275
,,,,275,,275
,,,,275,,275
,,,,275,,275
,,,,275,,275
,,,,276,,276
,,,,276,,276
,,,,276,,276
,,,,276,,276
,,,,276,,276
,,,,276,,276
,,,,276,,276
,,,,276,,276
,,,,276,,276
,,,,276,,276
,,,,276,,276
,,,,276,,276
,,,,277,,277
,,,,277,,277
,,,,277,,277
,,,,277,,277
,,,,277,,277
,,,,277,,277
,,,,277,,277
,,,,277,,277
,,,,277,,277
,,,,277,,277
,,,,277,,277
,,,,277,,277
,,,,277,,277
,,,,277,,277
,,,,277,,277
,,,,278,,278
,,,,278,,278
,,,,278,,278
,,,,278,,278
,,,,278,,278
,,,,278,,278
,,,,278,,278
,,,,278,,278
,,,,278,,278
,,,,278,,278
,,,,278,,278
,,,,278,,278
,,,,278,,278
,,,,278,,278
,,,,279,,279
,,,,279,,279
,,,,279,,279
,,,,279,,279
,,,,279,,279
,,,,279,,279
,,,,279,,279
,,,,279,,279
,,,,279,,279
,,,,279,,279
,,,,279,,279
,,,,280,,280
,,,,280,,280
,,,,280,,280
,,,,280,,280
,,,,280,,280
,,,,280,,280
,,,,280,,280
,,,,280,,280
,,,,280,,280
,,,,280,,280
,,,,281,,281
,,,,281,,281
,,,,281,,281
,,,,281,,281
,,,,281,,281
,,,,281,,281
,,,,281,,281
,,,,281,,281
,,,,281,,281
,,,,282,,282
,,,,282,,282
,,,,282,,282
,,,,282,,282
,,,,282,,282
,,,,282,,282
,,,,282,,282
,,,,282,,282
,,,,282,,282
,,,,282,,282
,,,,282,,282
,,,,282,,282
,,,,282,,282
,,,,283,,283
,,,,283,,283
,,,,283,,283
,,,,283,,283
,,,,283,,283
,,,,283,,283
,,,,283,,283
,,,,283,,283
,,,,283,,283
,,,,284,,284
,,,,284,,284
,,,,284,,284
,,,,284,,284
,,,,284,,284
,,,,285,,285
,,,,285,,285
,,,,285,,285
,,,,285,,285
,,,,285,,285
,,,,285,,285
,,,,286,,286
,,,,286,,286
,,,,286,,286
,,,,287,,287
,,,,287,,287
,,,,287,,287
,,,,288,,288
,,,,288,,288
,,,,289,,289
,,,,289,,289
,,,,290,,290
,,,,290,,290
,,,,291,,291
,,,,291,,291
,,,,291,,291
,,,,292,,292
,,,,293,,293
,,,,294,,294
,,,,295,,295
,,,,296,,296
,,,,296,,296
,,,,297,,297
,,,,299,,299
,,,,301,,301
,,,,301,,301
,,,,304,,304
,,,,306,,306
,,,,307,,307
,,,,311,,311
,,,,351,,351
,,,,,,
,,,,,,
,,,,,,
,,,,,,
,,,,,,
,,,,,,
,,,,,,
,,,,,,
,,,,,,
,,,,,,
,,,,,,
,,,,,,
,,,,,,
,,,,,,
,,,,,,
,,,,,,
,,,,,,
,,,,,,
,,,,,,
,,,,,,
,,,,,,
,,,,,,
,,,,,,
,,,,,,
,,,,,,
,,,,,,
,,,,,,
,,,,,,
,,,,,,
,,,,,,
,,,,,,
,,,,,,
,,,,,,
,,,,,,
,,,,,,
,,,,,,
,,,,,,
,,,,,,
,,,,,,
,,,,,,
,,,,,,
,,,,,,
,,,,,,
,,,,,,
,,,,,,
,,,,,,
,,,,,,
,,,,,,
,,,,,,
,,,,,,
,,,,,,
,,,,,,
,,,,,,
,,,,,,
,,,,,,
,,,,,,
,,,,,,
,,,,,,
,,,,,,
,,,,,,
,,,,,,
,,,,,,
,,,,,,
,,,,,,
,,,,,,
,,,,,,
,,,,,,
,,,,,,
,,,,,,
,,,,,,
,,,,,,
,,,,,,
,,,,,,
,,,,,,
,,,,,,
,,,,,,
,,,,,,
,,,,,,
,,,,,,
,,,,,,
,,,,,,
