OID_,Value,Count,,168,,168
1,168,1,,241,,241
2,241,1,,242,,242
3,242,1,,248,,248
4,248,1,,249,,249
5,249,1,,250,,250
6,250,1,,254,,254
7,254,3,,254,,254
10,255,2,,254,,254
12,256,1,,255,,255
13,257,3,,255,,255
16,258,5,,256,,256
21,259,2,,257,,257
23,260,6,,257,,257
29,261,5,,257,,257
34,262,1,,258,,258
35,263,1,,258,,258
36,264,3,,258,,258
39,265,2,,258,,258
41,266,1,,258,,258
42,267,1,,259,,259
43,268,1,,259,,259
44,269,2,,260,,260
46,270,1,,260,,260
47,271,1,,260,,260
48,273,3,,260,,260
51,274,2,,260,,260
53,275,1,,260,,260
54,277,2,,261,,261
56,289,1,,261,,261
,,,,261,,261
,,,,261,,261
,,,,261,,261
,,,,262,,262
,,,,263,,263
,,,,264,,264
,,,,264,,264
,,,,264,,264
,,,,265,,265
,,,,265,,265
,,,,266,,266
,,,,267,,267
,,,,268,,268
,,,,269,,269
,,,,269,,269
,,,,270,,270
,,,,271,,271
,,,,273,,273
,,,,273,,273
,,,,273,,273
,,,,274,,274
,,,,274,,274
,,,,275,,275
,,,,277,,277
,,,,277,,277
,,,,289,,289
,,,,,,
,,,,,,
,,,,,,
,,,,,,
,,,,,,
,,,,,,
,,,,,,
,,,,,,
,,,,,,
,,,,,,
,,,,,,
,,,,,,
,,,,,,
,,,,,,
,,,,,,
,,,,,,
,,,,,,
,,,,,,
,,,,,,
,,,,,,
,,,,,,
,,,,,,
,,,,,,
,,,,,,
,,,,,,
,,,,,,
,,,,,,
,,,,,,
,,,,,,
,,,,,,
,,,,,,
,,,,,,
,,,,,,
,,,,,,
,,,,,,
,,,,,,
,,,,,,
,,,,,,
,,,,,,
,,,,,,
,,,,,,
,,,,,,
,,,,,,
,,,,,,
,,,,,,
,,,,,,
,,,,,,
,,,,,,
,,,,,,
,,,,,,
,,,,,,
,,,,,,
,,,,,,
,,,,,,
,,,,,,
,,,,,,
,,,,,,
,,,,,,
,,,,,,
,,,,,,
,,,,,,
,,,,,,
,,,,,,
,,,,,,
,,,,,,
,,,,,,
,,,,,,
,,,,,,
,,,,,,
,,,,,,
,,,,,,
,,,,,,
,,,,,,
,,,,,,
,,,,,,
,,,,,,
,,,,,,
,,,,,,
,,,,,,
,,,,,,
,,,,,,
,,,,,,
,,,,,,
,,,,,,
,,,,,,
,,,,,,
,,,,,,
,,,,,,
,,,,,,
,,,,,,
,,,,,,
,,,,,,
,,,,,,
,,,,,,
,,,,,,
,,,,,,
,,,,,,
,,,,,,
,,,,,,
,,,,,,
,,,,,,
,,,,,,
,,,,,,
,,,,,,
,,,,,,
,,,,,,
,,,,,,
,,,,,,
,,,,,,
,,,,,,
,,,,,,
,,,,,,
,,,,,,
,,,,,,
,,,,,,
,,,,,,
,,,,,,
,,,,,,
,,,,,,
,,,,,,
,,,,,,
,,,,,,
