OID_,Value,Count,,124,,124
1,124,1,,136,,136
2,136,2,,136,,136
4,140,1,,140,,140
5,147,3,,147,,147
8,148,1,,147,,147
9,151,1,,147,,147
10,152,1,,148,,148
11,153,2,,151,,151
13,155,4,,152,,152
17,157,3,,153,,153
20,158,1,,153,,153
21,159,4,,155,,155
25,160,3,,155,,155
28,162,3,,155,,155
31,163,2,,155,,155
33,164,1,,157,,157
34,165,3,,157,,157
37,166,3,,157,,157
40,167,6,,158,,158
46,168,3,,159,,159
49,169,2,,159,,159
51,170,3,,159,,159
54,171,2,,159,,159
56,172,3,,160,,160
59,173,3,,160,,160
62,174,6,,160,,160
68,175,7,,162,,162
75,176,6,,162,,162
81,177,5,,162,,162
86,178,8,,163,,163
94,179,6,,163,,163
100,180,7,,164,,164
107,181,2,,165,,165
109,182,5,,165,,165
114,183,10,,165,,165
124,184,7,,166,,166
131,185,8,,166,,166
139,186,7,,166,,166
146,187,6,,167,,167
152,188,9,,167,,167
161,189,8,,167,,167
169,190,10,,167,,167
179,191,4,,167,,167
183,192,7,,167,,167
190,193,4,,168,,168
194,194,8,,168,,168
202,195,8,,168,,168
210,196,8,,169,,169
218,197,8,,169,,169
226,198,13,,170,,170
239,199,5,,170,,170
244,200,4,,170,,170
248,201,11,,171,,171
259,202,10,,171,,171
269,203,5,,172,,172
274,204,9,,172,,172
283,205,7,,172,,172
290,206,13,,173,,173
303,207,13,,173,,173
316,208,11,,173,,173
327,209,10,,174,,174
337,210,13,,174,,174
350,211,7,,174,,174
357,212,7,,174,,174
364,213,14,,174,,174
378,214,8,,174,,174
386,215,17,,175,,175
403,216,11,,175,,175
414,217,8,,175,,175
422,218,11,,175,,175
433,219,7,,175,,175
440,220,12,,175,,175
452,221,14,,175,,175
466,222,8,,176,,176
474,223,9,,176,,176
483,224,9,,176,,176
492,225,8,,176,,176
500,226,10,,176,,176
510,227,7,,176,,176
517,228,6,,177,,177
523,229,8,,177,,177
531,230,8,,177,,177
539,231,5,,177,,177
544,232,9,,177,,177
553,233,5,,178,,178
558,234,9,,178,,178
567,235,5,,178,,178
572,236,8,,178,,178
580,237,8,,178,,178
588,238,5,,178,,178
593,239,6,,178,,178
599,240,4,,178,,178
603,241,6,,179,,179
609,242,10,,179,,179
619,243,6,,179,,179
625,244,8,,179,,179
633,245,7,,179,,179
640,246,5,,179,,179
645,247,8,,180,,180
653,248,7,,180,,180
660,249,10,,180,,180
670,250,7,,180,,180
677,251,4,,180,,180
681,252,6,,180,,180
687,253,4,,180,,180
691,254,6,,181,,181
697,255,4,,181,,181
701,256,6,,182,,182
707,257,3,,182,,182
710,258,5,,182,,182
715,259,3,,182,,182
718,260,2,,182,,182
720,261,4,,183,,183
724,262,5,,183,,183
729,263,6,,183,,183
735,264,5,,183,,183
740,265,4,,183,,183
744,266,3,,183,,183
747,267,5,,183,,183
752,268,4,,183,,183
756,269,6,,183,,183
762,270,4,,183,,183
766,272,3,,184,,184
769,273,1,,184,,184
770,274,1,,184,,184
771,275,4,,184,,184
775,276,1,,184,,184
776,277,2,,184,,184
778,278,2,,184,,184
780,280,1,,185,,185
781,282,2,,185,,185
783,283,2,,185,,185
785,285,1,,185,,185
786,286,1,,185,,185
787,291,1,,185,,185
788,295,1,,185,,185
789,296,1,,185,,185
790,302,1,,186,,186
791,313,1,,186,,186
,,,,186,,186
,,,,186,,186
,,,,186,,186
,,,,186,,186
,,,,186,,186
,,,,187,,187
,,,,187,,187
,,,,187,,187
,,,,187,,187
,,,,187,,187
,,,,187,,187
,,,,188,,188
,,,,188,,188
,,,,188,,188
,,,,188,,188
,,,,188,,188
,,,,188,,188
,,,,188,,188
,,,,188,,188
,,,,188,,188
,,,,189,,189
,,,,189,,189
,,,,189,,189
,,,,189,,189
,,,,189,,189
,,,,189,,189
,,,,189,,189
,,,,189,,189
,,,,190,,190
,,,,190,,190
,,,,190,,190
,,,,190,,190
,,,,190,,190
,,,,190,,190
,,,,190,,190
,,,,190,,190
,,,,190,,190
,,,,190,,190
,,,,191,,191
,,,,191,,191
,,,,191,,191
,,,,191,,191
,,,,192,,192
,,,,192,,192
,,,,192,,192
,,,,192,,192
,,,,192,,192
,,,,192,,192
,,,,192,,192
,,,,193,,193
,,,,193,,193
,,,,193,,193
,,,,193,,193
,,,,194,,194
,,,,194,,194
,,,,194,,194
,,,,194,,194
,,,,194,,194
,,,,194,,194
,,,,194,,194
,,,,194,,194
,,,,195,,195
,,,,195,,195
,,,,195,,195
,,,,195,,195
,,,,195,,195
,,,,195,,195
,,,,195,,195
,,,,195,,195
,,,,196,,196
,,,,196,,196
,,,,196,,196
,,,,196,,196
,,,,196,,196
,,,,196,,196
,,,,196,,196
,,,,196,,196
,,,,197,,197
,,,,197,,197
,,,,197,,197
,,,,197,,197
,,,,197,,197
,,,,197,,197
,,,,197,,197
,,,,197,,197
,,,,198,,198
,,,,198,,198
,,,,198,,198
,,,,198,,198
,,,,198,,198
,,,,198,,198
,,,,198,,198
,,,,198,,198
,,,,198,,198
,,,,198,,198
,,,,198,,198
,,,,198,,198
,,,,198,,198
,,,,199,,199
,,,,199,,199
,,,,199,,199
,,,,199,,199
,,,,199,,199
,,,,200,,200
,,,,200,,200
,,,,200,,200
,,,,200,,200
,,,,201,,201
,,,,201,,201
,,,,201,,201
,,,,201,,201
,,,,201,,201
,,,,201,,201
,,,,201,,201
,,,,201,,201
,,,,201,,201
,,,,201,,201
,,,,201,,201
,,,,202,,202
,,,,202,,202
,,,,202,,202
,,,,202,,202
,,,,202,,202
,,,,202,,202
,,,,202,,202
,,,,202,,202
,,,,202,,202
,,,,202,,202
,,,,203,,203
,,,,203,,203
,,,,203,,203
,,,,203,,203
,,,,203,,203
,,,,204,,204
,,,,204,,204
,,,,204,,204
,,,,204,,204
,,,,204,,204
,,,,204,,204
,,,,204,,204
,,,,204,,204
,,,,204,,204
,,,,205,,205
,,,,205,,205
,,,,205,,205
,,,,205,,205
,,,,205,,205
,,,,205,,205
,,,,205,,205
,,,,206,,206
,,,,206,,206
,,,,206,,206
,,,,206,,206
,,,,206,,206
,,,,206,,206
,,,,206,,206
,,,,206,,206
,,,,206,,206
,,,,206,,206
,,,,206,,206
,,,,206,,206
,,,,206,,206
,,,,207,,207
,,,,207,,207
,,,,207,,207
,,,,207,,207
,,,,207,,207
,,,,207,,207
,,,,207,,207
,,,,207,,207
,,,,207,,207
,,,,207,,207
,,,,207,,207
,,,,207,,207
,,,,207,,207
,,,,208,,208
,,,,208,,208
,,,,208,,208
,,,,208,,208
,,,,208,,208
,,,,208,,208
,,,,208,,208
,,,,208,,208
,,,,208,,208
,,,,208,,208
,,,,208,,208
,,,,209,,209
,,,,209,,209
,,,,209,,209
,,,,209,,209
,,,,209,,209
,,,,209,,209
,,,,209,,209
,,,,209,,209
,,,,209,,209
,,,,209,,209
,,,,210,,210
,,,,210,,210
,,,,210,,210
,,,,210,,210
,,,,210,,210
,,,,210,,210
,,,,210,,210
,,,,210,,210
,,,,210,,210
,,,,210,,210
,,,,210,,210
,,,,210,,210
,,,,210,,210
,,,,211,,211
,,,,211,,211
,,,,211,,211
,,,,211,,211
,,,,211,,211
,,,,211,,211
,,,,211,,211
,,,,212,,212
,,,,212,,212
,,,,212,,212
,,,,212,,212
,,,,212,,212
,,,,212,,212
,,,,212,,212
,,,,213,,213
,,,,213,,213
,,,,213,,213
,,,,213,,213
,,,,213,,213
,,,,213,,213
,,,,213,,213
,,,,213,,213
,,,,213,,213
,,,,213,,213
,,,,213,,213
,,,,213,,213
,,,,213,,213
,,,,213,,213
,,,,214,,214
,,,,214,,214
,,,,214,,214
,,,,214,,214
,,,,214,,214
,,,,214,,214
,,,,214,,214
,,,,214,,214
,,,,215,,215
,,,,215,,215
,,,,215,,215
,,,,215,,215
,,,,215,,215
,,,,215,,215
,,,,215,,215
,,,,215,,215
,,,,215,,215
,,,,215,,215
,,,,215,,215
,,,,215,,215
,,,,215,,215
,,,,215,,215
,,,,215,,215
,,,,215,,215
,,,,215,,215
,,,,216,,216
,,,,216,,216
,,,,216,,216
,,,,216,,216
,,,,216,,216
,,,,216,,216
,,,,216,,216
,,,,216,,216
,,,,216,,216
,,,,216,,216
,,,,216,,216
,,,,217,,217
,,,,217,,217
,,,,217,,217
,,,,217,,217
,,,,217,,217
,,,,217,,217
,,,,217,,217
,,,,217,,217
,,,,218,,218
,,,,218,,218
,,,,218,,218
,,,,218,,218
,,,,218,,218
,,,,218,,218
,,,,218,,218
,,,,218,,218
,,,,218,,218
,,,,218,,218
,,,,218,,218
,,,,219,,219
,,,,219,,219
,,,,219,,219
,,,,219,,219
,,,,219,,219
,,,,219,,219
,,,,219,,219
,,,,220,,220
,,,,220,,220
,,,,220,,220
,,,,220,,220
,,,,220,,220
,,,,220,,220
,,,,220,,220
,,,,220,,220
,,,,220,,220
,,,,220,,220
,,,,220,,220
,,,,220,,220
,,,,221,,221
,,,,221,,221
,,,,221,,221
,,,,221,,221
,,,,221,,221
,,,,221,,221
,,,,221,,221
,,,,221,,221
,,,,221,,221
,,,,221,,221
,,,,221,,221
,,,,221,,221
,,,,221,,221
,,,,221,,221
,,,,222,,222
,,,,222,,222
,,,,222,,222
,,,,222,,222
,,,,222,,222
,,,,222,,222
,,,,222,,222
,,,,222,,222
,,,,223,,223
,,,,223,,223
,,,,223,,223
,,,,223,,223
,,,,223,,223
,,,,223,,223
,,,,223,,223
,,,,223,,223
,,,,223,,223
,,,,224,,224
,,,,224,,224
,,,,224,,224
,,,,224,,224
,,,,224,,224
,,,,224,,224
,,,,224,,224
,,,,224,,224
,,,,224,,224
,,,,225,,225
,,,,225,,225
,,,,225,,225
,,,,225,,225
,,,,225,,225
,,,,225,,225
,,,,225,,225
,,,,225,,225
,,,,226,,226
,,,,226,,226
,,,,226,,226
,,,,226,,226
,,,,226,,226
,,,,226,,226
,,,,226,,226
,,,,226,,226
,,,,226,,226
,,,,226,,226
,,,,227,,227
,,,,227,,227
,,,,227,,227
,,,,227,,227
,,,,227,,227
,,,,227,,227
,,,,227,,227
,,,,228,,228
,,,,228,,228
,,,,228,,228
,,,,228,,228
,,,,228,,228
,,,,228,,228
,,,,229,,229
,,,,229,,229
,,,,229,,229
,,,,229,,229
,,,,229,,229
,,,,229,,229
,,,,229,,229
,,,,229,,229
,,,,230,,230
,,,,230,,230
,,,,230,,230
,,,,230,,230
,,,,230,,230
,,,,230,,230
,,,,230,,230
,,,,230,,230
,,,,231,,231
,,,,231,,231
,,,,231,,231
,,,,231,,231
,,,,231,,231
,,,,232,,232
,,,,232,,232
,,,,232,,232
,,,,232,,232
,,,,232,,232
,,,,232,,232
,,,,232,,232
,,,,232,,232
,,,,232,,232
,,,,233,,233
,,,,233,,233
,,,,233,,233
,,,,233,,233
,,,,233,,233
,,,,234,,234
,,,,234,,234
,,,,234,,234
,,,,234,,234
,,,,234,,234
,,,,234,,234
,,,,234,,234
,,,,234,,234
,,,,234,,234
,,,,235,,235
,,,,235,,235
,,,,235,,235
,,,,235,,235
,,,,235,,235
,,,,236,,236
,,,,236,,236
,,,,236,,236
,,,,236,,236
,,,,236,,236
,,,,236,,236
,,,,236,,236
,,,,236,,236
,,,,237,,237
,,,,237,,237
,,,,237,,237
,,,,237,,237
,,,,237,,237
,,,,237,,237
,,,,237,,237
,,,,237,,237
,,,,238,,238
,,,,238,,238
,,,,238,,238
,,,,238,,238
,,,,238,,238
,,,,239,,239
,,,,239,,239
,,,,239,,239
,,,,239,,239
,,,,239,,239
,,,,239,,239
,,,,240,,240
,,,,240,,240
,,,,240,,240
,,,,240,,240
,,,,241,,241
,,,,241,,241
,,,,241,,241
,,,,241,,241
,,,,241,,241
,,,,241,,241
,,,,242,,242
,,,,242,,242
,,,,242,,242
,,,,242,,242
,,,,242,,242
,,,,242,,242
,,,,242,,242
,,,,242,,242
,,,,242,,242
,,,,242,,242
,,,,243,,243
,,,,243,,243
,,,,243,,243
,,,,243,,243
,,,,243,,243
,,,,243,,243
,,,,244,,244
,,,,244,,244
,,,,244,,244
,,,,244,,244
,,,,244,,244
,,,,244,,244
,,,,244,,244
,,,,244,,244
,,,,245,,245
,,,,245,,245
,,,,245,,245
,,,,245,,245
,,,,245,,245
,,,,245,,245
,,,,245,,245
,,,,246,,246
,,,,246,,246
,,,,246,,246
,,,,246,,246
,,,,246,,246
,,,,247,,247
,,,,247,,247
,,,,247,,247
,,,,247,,247
,,,,247,,247
,,,,247,,247
,,,,247,,247
,,,,247,,247
,,,,248,,248
,,,,248,,248
,,,,248,,248
,,,,248,,248
,,,,248,,248
,,,,248,,248
,,,,248,,248
,,,,249,,249
,,,,249,,249
,,,,249,,249
,,,,249,,249
,,,,249,,249
,,,,249,,249
,,,,249,,249
,,,,249,,249
,,,,249,,249
,,,,249,,249
,,,,250,,250
,,,,250,,250
,,,,250,,250
,,,,250,,250
,,,,250,,250
,,,,250,,250
,,,,250,,250
,,,,251,,251
,,,,251,,251
,,,,251,,251
,,,,251,,251
,,,,252,,252
,,,,252,,252
,,,,252,,252
,,,,252,,252
,,,,252,,252
,,,,252,,252
,,,,253,,253
,,,,253,,253
,,,,253,,253
,,,,253,,253
,,,,254,,254
,,,,254,,254
,,,,254,,254
,,,,254,,254
,,,,254,,254
,,,,254,,254
,,,,255,,255
,,,,255,,255
,,,,255,,255
,,,,255,,255
,,,,256,,256
,,,,256,,256
,,,,256,,256
,,,,256,,256
,,,,256,,256
,,,,256,,256
,,,,257,,257
,,,,257,,257
,,,,257,,257
,,,,258,,258
,,,,258,,258
,,,,258,,258
,,,,258,,258
,,,,258,,258
,,,,259,,259
,,,,259,,259
,,,,259,,259
,,,,260,,260
,,,,260,,260
,,,,261,,261
,,,,261,,261
,,,,261,,261
,,,,261,,261
,,,,262,,262
,,,,262,,262
,,,,262,,262
,,,,262,,262
,,,,262,,262
,,,,263,,263
,,,,263,,263
,,,,263,,263
,,,,263,,263
,,,,263,,263
,,,,263,,263
,,,,264,,264
,,,,264,,264
,,,,264,,264
,,,,264,,264
,,,,264,,264
,,,,265,,265
,,,,265,,265
,,,,265,,265
,,,,265,,265
,,,,266,,266
,,,,266,,266
,,,,266,,266
,,,,267,,267
,,,,267,,267
,,,,267,,267
,,,,267,,267
,,,,267,,267
,,,,268,,268
,,,,268,,268
,,,,268,,268
,,,,268,,268
,,,,269,,269
,,,,269,,269
,,,,269,,269
,,,,269,,269
,,,,269,,269
,,,,269,,269
,,,,270,,270
,,,,270,,270
,,,,270,,270
,,,,270,,270
,,,,272,,272
,,,,272,,272
,,,,272,,272
,,,,273,,273
,,,,274,,274
,,,,275,,275
,,,,275,,275
,,,,275,,275
,,,,275,,275
,,,,276,,276
,,,,277,,277
,,,,277,,277
,,,,278,,278
,,,,278,,278
,,,,280,,280
,,,,282,,282
,,,,282,,282
,,,,283,,283
,,,,283,,283
,,,,285,,285
,,,,286,,286
,,,,291,,291
,,,,295,,295
,,,,296,,296
,,,,302,,302
,,,,313,,313
,,,,,,
,,,,,,
,,,,,,
,,,,,,
,,,,,,
,,,,,,
,,,,,,
,,,,,,
,,,,,,
,,,,,,
,,,,,,
,,,,,,
,,,,,,
,,,,,,
,,,,,,
,,,,,,
,,,,,,
,,,,,,
,,,,,,
,,,,,,
,,,,,,
,,,,,,
,,,,,,
,,,,,,
,,,,,,
,,,,,,
,,,,,,
,,,,,,
,,,,,,
,,,,,,
,,,,,,
,,,,,,
,,,,,,
,,,,,,
,,,,,,
,,,,,,
,,,,,,
,,,,,,
,,,,,,
,,,,,,
,,,,,,
,,,,,,
,,,,,,
,,,,,,
,,,,,,
,,,,,,
,,,,,,
,,,,,,
,,,,,,
,,,,,,
,,,,,,
,,,,,,
,,,,,,
,,,,,,
,,,,,,
,,,,,,
,,,,,,
,,,,,,
,,,,,,
,,,,,,
,,,,,,
,,,,,,
,,,,,,
,,,,,,
,,,,,,
,,,,,,
,,,,,,
,,,,,,
,,,,,,
,,,,,,
,,,,,,
,,,,,,
,,,,,,
,,,,,,
,,,,,,
,,,,,,
,,,,,,
,,,,,,
,,,,,,
,,,,,,
,,,,,,
,,,,,,
,,,,,,
,,,,,,
,,,,,,
,,,,,,
,,,,,,
,,,,,,
,,,,,,
,,,,,,
,,,,,,
,,,,,,
,,,,,,
,,,,,,
,,,,,,
,,,,,,
,,,,,,
,,,,,,
,,,,,,
,,,,,,
,,,,,,
,,,,,,
,,,,,,
,,,,,,
,,,,,,
,,,,,,
,,,,,,
,,,,,,
,,,,,,
,,,,,,
,,,,,,
,,,,,,
,,,,,,
,,,,,,
,,,,,,
,,,,,,
,,,,,,
,,,,,,
,,,,,,
,,,,,,
,,,,,,
,,,,,,
,,,,,,
,,,,,,
,,,,,,
,,,,,,
,,,,,,
,,,,,,
,,,,,,
,,,,,,
,,,,,,
,,,,,,
