OID_,Value,Count,,98,,98
1,98,1,,122,,122
2,122,1,,125,,125
3,125,1,,134,,134
4,134,1,,144,,144
5,144,1,,151,,151
6,151,1,,152,,152
7,152,1,,161,,161
8,161,1,,165,,165
9,165,2,,165,,165
11,170,1,,170,,170
12,175,1,,175,,175
13,178,1,,178,,178
14,181,1,,181,,181
15,199,2,,199,,199
17,201,1,,199,,199
18,205,1,,201,,201
19,206,2,,205,,205
21,208,1,,206,,206
22,210,1,,206,,206
23,211,1,,208,,208
24,213,3,,210,,210
27,214,2,,211,,211
29,215,2,,213,,213
31,216,3,,213,,213
34,217,2,,213,,213
36,218,3,,214,,214
39,219,3,,214,,214
42,220,7,,215,,215
49,221,5,,215,,215
54,222,5,,216,,216
59,223,6,,216,,216
65,224,7,,216,,216
72,225,4,,217,,217
76,226,7,,217,,217
83,227,4,,218,,218
87,228,7,,218,,218
94,229,9,,218,,218
103,230,6,,219,,219
109,231,13,,219,,219
122,232,7,,219,,219
129,233,10,,220,,220
139,234,14,,220,,220
153,235,17,,220,,220
170,236,14,,220,,220
184,237,22,,220,,220
206,238,15,,220,,220
221,239,20,,220,,220
241,240,18,,221,,221
259,241,18,,221,,221
277,242,17,,221,,221
294,243,16,,221,,221
310,244,22,,221,,221
332,245,17,,222,,222
349,246,18,,222,,222
367,247,14,,222,,222
381,248,15,,222,,222
396,249,9,,222,,222
405,250,19,,223,,223
424,251,20,,223,,223
444,252,12,,223,,223
456,253,15,,223,,223
471,254,12,,223,,223
483,255,12,,223,,223
495,256,13,,224,,224
508,257,9,,224,,224
517,258,15,,224,,224
532,259,15,,224,,224
547,260,6,,224,,224
553,261,19,,224,,224
572,262,12,,224,,224
584,263,7,,225,,225
591,264,7,,225,,225
598,265,9,,225,,225
607,266,8,,225,,225
615,267,9,,226,,226
624,268,9,,226,,226
633,269,12,,226,,226
645,270,6,,226,,226
651,271,9,,226,,226
660,272,14,,226,,226
674,273,6,,226,,226
680,274,9,,227,,227
689,275,7,,227,,227
696,276,4,,227,,227
700,277,5,,227,,227
705,278,9,,228,,228
714,279,7,,228,,228
721,280,9,,228,,228
730,281,2,,228,,228
732,282,9,,228,,228
741,283,7,,228,,228
748,284,3,,228,,228
751,285,5,,229,,229
756,286,8,,229,,229
764,287,2,,229,,229
766,288,4,,229,,229
770,289,4,,229,,229
774,290,3,,229,,229
777,291,1,,229,,229
778,292,2,,229,,229
780,293,1,,229,,229
781,294,5,,230,,230
786,295,1,,230,,230
787,296,3,,230,,230
790,297,1,,230,,230
791,299,1,,230,,230
792,301,2,,230,,230
794,302,1,,231,,231
795,303,1,,231,,231
796,305,1,,231,,231
797,308,2,,231,,231
799,310,1,,231,,231
800,311,3,,231,,231
803,312,1,,231,,231
804,313,2,,231,,231
806,316,1,,231,,231
807,317,2,,231,,231
809,318,1,,231,,231
810,320,2,,231,,231
812,321,1,,231,,231
813,322,1,,232,,232
814,323,1,,232,,232
815,324,1,,232,,232
816,325,1,,232,,232
817,330,2,,232,,232
819,331,2,,232,,232
,,,,232,,232
,,,,233,,233
,,,,233,,233
,,,,233,,233
,,,,233,,233
,,,,233,,233
,,,,233,,233
,,,,233,,233
,,,,233,,233
,,,,233,,233
,,,,233,,233
,,,,234,,234
,,,,234,,234
,,,,234,,234
,,,,234,,234
,,,,234,,234
,,,,234,,234
,,,,234,,234
,,,,234,,234
,,,,234,,234
,,,,234,,234
,,,,234,,234
,,,,234,,234
,,,,234,,234
,,,,234,,234
,,,,235,,235
,,,,235,,235
,,,,235,,235
,,,,235,,235
,,,,235,,235
,,,,235,,235
,,,,235,,235
,,,,235,,235
,,,,235,,235
,,,,235,,235
,,,,235,,235
,,,,235,,235
,,,,235,,235
,,,,235,,235
,,,,235,,235
,,,,235,,235
,,,,235,,235
,,,,236,,236
,,,,236,,236
,,,,236,,236
,,,,236,,236
,,,,236,,236
,,,,236,,236
,,,,236,,236
,,,,236,,236
,,,,236,,236
,,,,236,,236
,,,,236,,236
,,,,236,,236
,,,,236,,236
,,,,236,,236
,,,,237,,237
,,,,237,,237
,,,,237,,237
,,,,237,,237
,,,,237,,237
,,,,237,,237
,,,,237,,237
,,,,237,,237
,,,,237,,237
,,,,237,,237
,,,,237,,237
,,,,237,,237
,,,,237,,237
,,,,237,,237
,,,,237,,237
,,,,237,,237
,,,,237,,237
,,,,237,,237
,,,,237,,237
,,,,237,,237
,,,,237,,237
,,,,237,,237
,,,,238,,238
,,,,238,,238
,,,,238,,238
,,,,238,,238
,,,,238,,238
,,,,238,,238
,,,,238,,238
,,,,238,,238
,,,,238,,238
,,,,238,,238
,,,,238,,238
,,,,238,,238
,,,,238,,238
,,,,238,,238
,,,,238,,238
,,,,239,,239
,,,,239,,239
,,,,239,,239
,,,,239,,239
,,,,239,,239
,,,,239,,239
,,,,239,,239
,,,,239,,239
,,,,239,,239
,,,,239,,239
,,,,239,,239
,,,,239,,239
,,,,239,,239
,,,,239,,239
,,,,239,,239
,,,,239,,239
,,,,239,,239
,,,,239,,239
,,,,239,,239
,,,,239,,239
,,,,240,,240
,,,,240,,240
,,,,240,,240
,,,,240,,240
,,,,240,,240
,,,,240,,240
,,,,240,,240
,,,,240,,240
,,,,240,,240
,,,,240,,240
,,,,240,,240
,,,,240,,240
,,,,240,,240
,,,,240,,240
,,,,240,,240
,,,,240,,240
,,,,240,,240
,,,,240,,240
,,,,241,,241
,,,,241,,241
,,,,241,,241
,,,,241,,241
,,,,241,,241
,,,,241,,241
,,,,241,,241
,,,,241,,241
,,,,241,,241
,,,,241,,241
,,,,241,,241
,,,,241,,241
,,,,241,,241
,,,,241,,241
,,,,241,,241
,,,,241,,241
,,,,241,,241
,,,,241,,241
,,,,242,,242
,,,,242,,242
,,,,242,,242
,,,,242,,242
,,,,242,,242
,,,,242,,242
,,,,242,,242
,,,,242,,242
,,,,242,,242
,,,,242,,242
,,,,242,,242
,,,,242,,242
,,,,242,,242
,,,,242,,242
,,,,242,,242
,,,,242,,242
,,,,242,,242
,,,,243,,243
,,,,243,,243
,,,,243,,243
,,,,243,,243
,,,,243,,243
,,,,243,,243
,,,,243,,243
,,,,243,,243
,,,,243,,243
,,,,243,,243
,,,,243,,243
,,,,243,,243
,,,,243,,243
,,,,243,,243
,,,,243,,243
,,,,243,,243
,,,,244,,244
,,,,244,,244
,,,,244,,244
,,,,244,,244
,,,,244,,244
,,,,244,,244
,,,,244,,244
,,,,244,,244
,,,,244,,244
,,,,244,,244
,,,,244,,244
,,,,244,,244
,,,,244,,244
,,,,244,,244
,,,,244,,244
,,,,244,,244
,,,,244,,244
,,,,244,,244
,,,,244,,244
,,,,244,,244
,,,,244,,244
,,,,244,,244
,,,,245,,245
,,,,245,,245
,,,,245,,245
,,,,245,,245
,,,,245,,245
,,,,245,,245
,,,,245,,245
,,,,245,,245
,,,,245,,245
,,,,245,,245
,,,,245,,245
,,,,245,,245
,,,,245,,245
,,,,245,,245
,,,,245,,245
,,,,245,,245
,,,,245,,245
,,,,246,,246
,,,,246,,246
,,,,246,,246
,,,,246,,246
,,,,246,,246
,,,,246,,246
,,,,246,,246
,,,,246,,246
,,,,246,,246
,,,,246,,246
,,,,246,,246
,,,,246,,246
,,,,246,,246
,,,,246,,246
,,,,246,,246
,,,,246,,246
,,,,246,,246
,,,,246,,246
,,,,247,,247
,,,,247,,247
,,,,247,,247
,,,,247,,247
,,,,247,,247
,,,,247,,247
,,,,247,,247
,,,,247,,247
,,,,247,,247
,,,,247,,247
,,,,247,,247
,,,,247,,247
,,,,247,,247
,,,,247,,247
,,,,248,,248
,,,,248,,248
,,,,248,,248
,,,,248,,248
,,,,248,,248
,,,,248,,248
,,,,248,,248
,,,,248,,248
,,,,248,,248
,,,,248,,248
,,,,248,,248
,,,,248,,248
,,,,248,,248
,,,,248,,248
,,,,248,,248
,,,,249,,249
,,,,249,,249
,,,,249,,249
,,,,249,,249
,,,,249,,249
,,,,249,,249
,,,,249,,249
,,,,249,,249
,,,,249,,249
,,,,250,,250
,,,,250,,250
,,,,250,,250
,,,,250,,250
,,,,250,,250
,,,,250,,250
,,,,250,,250
,,,,250,,250
,,,,250,,250
,,,,250,,250
,,,,250,,250
,,,,250,,250
,,,,250,,250
,,,,250,,250
,,,,250,,250
,,,,250,,250
,,,,250,,250
,,,,250,,250
,,,,250,,250
,,,,251,,251
,,,,251,,251
,,,,251,,251
,,,,251,,251
,,,,251,,251
,,,,251,,251
,,,,251,,251
,,,,251,,251
,,,,251,,251
,,,,251,,251
,,,,251,,251
,,,,251,,251
,,,,251,,251
,,,,251,,251
,,,,251,,251
,,,,251,,251
,,,,251,,251
,,,,251,,251
,,,,251,,251
,,,,251,,251
,,,,252,,252
,,,,252,,252
,,,,252,,252
,,,,252,,252
,,,,252,,252
,,,,252,,252
,,,,252,,252
,,,,252,,252
,,,,252,,252
,,,,252,,252
,,,,252,,252
,,,,252,,252
,,,,253,,253
,,,,253,,253
,,,,253,,253
,,,,253,,253
,,,,253,,253
,,,,253,,253
,,,,253,,253
,,,,253,,253
,,,,253,,253
,,,,253,,253
,,,,253,,253
,,,,253,,253
,,,,253,,253
,,,,253,,253
,,,,253,,253
,,,,254,,254
,,,,254,,254
,,,,254,,254
,,,,254,,254
,,,,254,,254
,,,,254,,254
,,,,254,,254
,,,,254,,254
,,,,254,,254
,,,,254,,254
,,,,254,,254
,,,,254,,254
,,,,255,,255
,,,,255,,255
,,,,255,,255
,,,,255,,255
,,,,255,,255
,,,,255,,255
,,,,255,,255
,,,,255,,255
,,,,255,,255
,,,,255,,255
,,,,255,,255
,,,,255,,255
,,,,256,,256
,,,,256,,256
,,,,256,,256
,,,,256,,256
,,,,256,,256
,,,,256,,256
,,,,256,,256
,,,,256,,256
,,,,256,,256
,,,,256,,256
,,,,256,,256
,,,,256,,256
,,,,256,,256
,,,,257,,257
,,,,257,,257
,,,,257,,257
,,,,257,,257
,,,,257,,257
,,,,257,,257
,,,,257,,257
,,,,257,,257
,,,,257,,257
,,,,258,,258
,,,,258,,258
,,,,258,,258
,,,,258,,258
,,,,258,,258
,,,,258,,258
,,,,258,,258
,,,,258,,258
,,,,258,,258
,,,,258,,258
,,,,258,,258
,,,,258,,258
,,,,258,,258
,,,,258,,258
,,,,258,,258
,,,,259,,259
,,,,259,,259
,,,,259,,259
,,,,259,,259
,,,,259,,259
,,,,259,,259
,,,,259,,259
,,,,259,,259
,,,,259,,259
,,,,259,,259
,,,,259,,259
,,,,259,,259
,,,,259,,259
,,,,259,,259
,,,,259,,259
,,,,260,,260
,,,,260,,260
,,,,260,,260
,,,,260,,260
,,,,260,,260
,,,,260,,260
,,,,261,,261
,,,,261,,261
,,,,261,,261
,,,,261,,261
,,,,261,,261
,,,,261,,261
,,,,261,,261
,,,,261,,261
,,,,261,,261
,,,,261,,261
,,,,261,,261
,,,,261,,261
,,,,261,,261
,,,,261,,261
,,,,261,,261
,,,,261,,261
,,,,261,,261
,,,,261,,261
,,,,261,,261
,,,,262,,262
,,,,262,,262
,,,,262,,262
,,,,262,,262
,,,,262,,262
,,,,262,,262
,,,,262,,262
,,,,262,,262
,,,,262,,262
,,,,262,,262
,,,,262,,262
,,,,262,,262
,,,,263,,263
,,,,263,,263
,,,,263,,263
,,,,263,,263
,,,,263,,263
,,,,263,,263
,,,,263,,263
,,,,264,,264
,,,,264,,264
,,,,264,,264
,,,,264,,264
,,,,264,,264
,,,,264,,264
,,,,264,,264
,,,,265,,265
,,,,265,,265
,,,,265,,265
,,,,265,,265
,,,,265,,265
,,,,265,,265
,,,,265,,265
,,,,265,,265
,,,,265,,265
,,,,266,,266
,,,,266,,266
,,,,266,,266
,,,,266,,266
,,,,266,,266
,,,,266,,266
,,,,266,,266
,,,,266,,266
,,,,267,,267
,,,,267,,267
,,,,267,,267
,,,,267,,267
,,,,267,,267
,,,,267,,267
,,,,267,,267
,,,,267,,267
,,,,267,,267
,,,,268,,268
,,,,268,,268
,,,,268,,268
,,,,268,,268
,,,,268,,268
,,,,268,,268
,,,,268,,268
,,,,268,,268
,,,,268,,268
,,,,269,,269
,,,,269,,269
,,,,269,,269
,,,,269,,269
,,,,269,,269
,,,,269,,269
,,,,269,,269
,,,,269,,269
,,,,269,,269
,,,,269,,269
,,,,269,,269
,,,,269,,269
,,,,270,,270
,,,,270,,270
,,,,270,,270
,,,,270,,270
,,,,270,,270
,,,,270,,270
,,,,271,,271
,,,,271,,271
,,,,271,,271
,,,,271,,271
,,,,271,,271
,,,,271,,271
,,,,271,,271
,,,,271,,271
,,,,271,,271
,,,,272,,272
,,,,272,,272
,,,,272,,272
,,,,272,,272
,,,,272,,272
,,,,272,,272
,,,,272,,272
,,,,272,,272
,,,,272,,272
,,,,272,,272
,,,,272,,272
,,,,272,,272
,,,,272,,272
,,,,272,,272
,,,,273,,273
,,,,273,,273
,,,,273,,273
,,,,273,,273
,,,,273,,273
,,,,273,,273
,,,,274,,274
,,,,274,,274
,,,,274,,274
,,,,274,,274
,,,,274,,274
,,,,274,,274
,,,,274,,274
,,,,274,,274
,,,,274,,274
,,,,275,,275
,,,,275,,275
,,,,275,,275
,,,,275,,275
,,,,275,,275
,,,,275,,275
,,,,275,,275
,,,,276,,276
,,,,276,,276
,,,,276,,276
,,,,276,,276
,,,,277,,277
,,,,277,,277
,,,,277,,277
,,,,277,,277
,,,,277,,277
,,,,278,,278
,,,,278,,278
,,,,278,,278
,,,,278,,278
,,,,278,,278
,,,,278,,278
,,,,278,,278
,,,,278,,278
,,,,278,,278
,,,,279,,279
,,,,279,,279
,,,,279,,279
,,,,279,,279
,,,,279,,279
,,,,279,,279
,,,,279,,279
,,,,280,,280
,,,,280,,280
,,,,280,,280
,,,,280,,280
,,,,280,,280
,,,,280,,280
,,,,280,,280
,,,,280,,280
,,,,280,,280
,,,,281,,281
,,,,281,,281
,,,,282,,282
,,,,282,,282
,,,,282,,282
,,,,282,,282
,,,,282,,282
,,,,282,,282
,,,,282,,282
,,,,282,,282
,,,,282,,282
,,,,283,,283
,,,,283,,283
,,,,283,,283
,,,,283,,283
,,,,283,,283
,,,,283,,283
,,,,283,,283
,,,,284,,284
,,,,284,,284
,,,,284,,284
,,,,285,,285
,,,,285,,285
,,,,285,,285
,,,,285,,285
,,,,285,,285
,,,,286,,286
,,,,286,,286
,,,,286,,286
,,,,286,,286
,,,,286,,286
,,,,286,,286
,,,,286,,286
,,,,286,,286
,,,,287,,287
,,,,287,,287
,,,,288,,288
,,,,288,,288
,,,,288,,288
,,,,288,,288
,,,,289,,289
,,,,289,,289
,,,,289,,289
,,,,289,,289
,,,,290,,290
,,,,290,,290
,,,,290,,290
,,,,291,,291
,,,,292,,292
,,,,292,,292
,,,,293,,293
,,,,294,,294
,,,,294,,294
,,,,294,,294
,,,,294,,294
,,,,294,,294
,,,,295,,295
,,,,296,,296
,,,,296,,296
,,,,296,,296
,,,,297,,297
,,,,299,,299
,,,,301,,301
,,,,301,,301
,,,,302,,302
,,,,303,,303
,,,,305,,305
,,,,308,,308
,,,,308,,308
,,,,310,,310
,,,,311,,311
,,,,311,,311
,,,,311,,311
,,,,312,,312
,,,,313,,313
,,,,313,,313
,,,,316,,316
,,,,317,,317
,,,,317,,317
,,,,318,,318
,,,,320,,320
,,,,320,,320
,,,,321,,321
,,,,322,,322
,,,,323,,323
,,,,324,,324
,,,,325,,325
,,,,330,,330
,,,,330,,330
,,,,331,,331
,,,,331,,331
,,,,,,
,,,,,,
,,,,,,
