OID_,Value,Count,,97,,97
1,97,1,,111,,111
2,111,1,,119,,119
3,119,1,,135,,135
4,135,2,,135,,135
6,137,1,,137,,137
7,138,2,,138,,138
9,142,2,,138,,138
11,144,2,,142,,142
13,145,2,,142,,142
15,146,2,,144,,144
17,147,2,,144,,144
19,148,3,,145,,145
22,149,4,,145,,145
26,150,4,,146,,146
30,151,2,,146,,146
32,152,2,,147,,147
34,154,7,,147,,147
41,155,2,,148,,148
43,156,2,,148,,148
45,157,1,,148,,148
46,158,1,,149,,149
47,160,1,,149,,149
48,161,1,,149,,149
49,162,1,,149,,149
50,163,1,,150,,150
51,167,1,,150,,150
52,184,2,,150,,150
54,220,1,,150,,150
55,221,1,,151,,151
56,225,2,,151,,151
58,228,3,,152,,152
61,229,2,,152,,152
63,231,1,,154,,154
64,233,3,,154,,154
67,235,2,,154,,154
69,236,5,,154,,154
74,237,3,,154,,154
77,238,3,,154,,154
80,239,1,,154,,154
81,240,1,,155,,155
82,241,3,,155,,155
85,242,3,,156,,156
88,243,1,,156,,156
89,245,3,,157,,157
92,246,2,,158,,158
94,247,1,,160,,160
95,248,2,,161,,161
97,249,2,,162,,162
99,250,4,,163,,163
103,251,1,,167,,167
104,252,2,,184,,184
106,253,4,,184,,184
110,254,5,,220,,220
115,255,3,,221,,221
118,256,4,,225,,225
122,257,6,,225,,225
128,258,7,,228,,228
135,259,6,,228,,228
141,260,3,,228,,228
144,261,7,,229,,229
151,262,6,,229,,229
157,263,2,,231,,231
159,264,7,,233,,233
166,265,13,,233,,233
179,266,5,,233,,233
184,267,8,,235,,235
192,268,8,,235,,235
200,269,10,,236,,236
210,270,9,,236,,236
219,271,10,,236,,236
229,272,9,,236,,236
238,273,7,,236,,236
245,274,13,,237,,237
258,275,7,,237,,237
265,276,11,,237,,237
276,277,11,,238,,238
287,278,10,,238,,238
297,279,11,,238,,238
308,280,5,,239,,239
313,281,5,,240,,240
318,282,13,,241,,241
331,283,6,,241,,241
337,284,5,,241,,241
342,285,8,,242,,242
350,286,8,,242,,242
358,287,8,,242,,242
366,288,4,,243,,243
370,289,7,,245,,245
377,290,5,,245,,245
382,291,3,,245,,245
385,292,7,,246,,246
392,293,10,,246,,246
402,294,6,,247,,247
408,295,9,,248,,248
417,296,5,,248,,248
422,297,4,,249,,249
426,298,5,,249,,249
431,299,4,,250,,250
435,300,3,,250,,250
438,301,4,,250,,250
442,302,4,,250,,250
446,303,1,,251,,251
447,304,2,,252,,252
449,305,2,,252,,252
451,306,1,,253,,253
452,308,1,,253,,253
453,310,2,,253,,253
455,312,1,,253,,253
456,313,2,,254,,254
458,316,1,,254,,254
459,321,1,,254,,254
,,,,254,,254
,,,,254,,254
,,,,255,,255
,,,,255,,255
,,,,255,,255
,,,,256,,256
,,,,256,,256
,,,,256,,256
,,,,256,,256
,,,,257,,257
,,,,257,,257
,,,,257,,257
,,,,257,,257
,,,,257,,257
,,,,257,,257
,,,,258,,258
,,,,258,,258
,,,,258,,258
,,,,258,,258
,,,,258,,258
,,,,258,,258
,,,,258,,258
,,,,259,,259
,,,,259,,259
,,,,259,,259
,,,,259,,259
,,,,259,,259
,,,,259,,259
,,,,260,,260
,,,,260,,260
,,,,260,,260
,,,,261,,261
,,,,261,,261
,,,,261,,261
,,,,261,,261
,,,,261,,261
,,,,261,,261
,,,,261,,261
,,,,262,,262
,,,,262,,262
,,,,262,,262
,,,,262,,262
,,,,262,,262
,,,,262,,262
,,,,263,,263
,,,,263,,263
,,,,264,,264
,,,,264,,264
,,,,264,,264
,,,,264,,264
,,,,264,,264
,,,,264,,264
,,,,264,,264
,,,,265,,265
,,,,265,,265
,,,,265,,265
,,,,265,,265
,,,,265,,265
,,,,265,,265
,,,,265,,265
,,,,265,,265
,,,,265,,265
,,,,265,,265
,,,,265,,265
,,,,265,,265
,,,,265,,265
,,,,266,,266
,,,,266,,266
,,,,266,,266
,,,,266,,266
,,,,266,,266
,,,,267,,267
,,,,267,,267
,,,,267,,267
,,,,267,,267
,,,,267,,267
,,,,267,,267
,,,,267,,267
,,,,267,,267
,,,,268,,268
,,,,268,,268
,,,,268,,268
,,,,268,,268
,,,,268,,268
,,,,268,,268
,,,,268,,268
,,,,268,,268
,,,,269,,269
,,,,269,,269
,,,,269,,269
,,,,269,,269
,,,,269,,269
,,,,269,,269
,,,,269,,269
,,,,269,,269
,,,,269,,269
,,,,269,,269
,,,,270,,270
,,,,270,,270
,,,,270,,270
,,,,270,,270
,,,,270,,270
,,,,270,,270
,,,,270,,270
,,,,270,,270
,,,,270,,270
,,,,271,,271
,,,,271,,271
,,,,271,,271
,,,,271,,271
,,,,271,,271
,,,,271,,271
,,,,271,,271
,,,,271,,271
,,,,271,,271
,,,,271,,271
,,,,272,,272
,,,,272,,272
,,,,272,,272
,,,,272,,272
,,,,272,,272
,,,,272,,272
,,,,272,,272
,,,,272,,272
,,,,272,,272
,,,,273,,273
,,,,273,,273
,,,,273,,273
,,,,273,,273
,,,,273,,273
,,,,273,,273
,,,,273,,273
,,,,274,,274
,,,,274,,274
,,,,274,,274
,,,,274,,274
,,,,274,,274
,,,,274,,274
,,,,274,,274
,,,,274,,274
,,,,274,,274
,,,,274,,274
,,,,274,,274
,,,,274,,274
,,,,274,,274
,,,,275,,275
,,,,275,,275
,,,,275,,275
,,,,275,,275
,,,,275,,275
,,,,275,,275
,,,,275,,275
,,,,276,,276
,,,,276,,276
,,,,276,,276
,,,,276,,276
,,,,276,,276
,,,,276,,276
,,,,276,,276
,,,,276,,276
,,,,276,,276
,,,,276,,276
,,,,276,,276
,,,,277,,277
,,,,277,,277
,,,,277,,277
,,,,277,,277
,,,,277,,277
,,,,277,,277
,,,,277,,277
,,,,277,,277
,,,,277,,277
,,,,277,,277
,,,,277,,277
,,,,278,,278
,,,,278,,278
,,,,278,,278
,,,,278,,278
,,,,278,,278
,,,,278,,278
,,,,278,,278
,,,,278,,278
,,,,278,,278
,,,,278,,278
,,,,279,,279
,,,,279,,279
,,,,279,,279
,,,,279,,279
,,,,279,,279
,,,,279,,279
,,,,279,,279
,,,,279,,279
,,,,279,,279
,,,,279,,279
,,,,279,,279
,,,,280,,280
,,,,280,,280
,,,,280,,280
,,,,280,,280
,,,,280,,280
,,,,281,,281
,,,,281,,281
,,,,281,,281
,,,,281,,281
,,,,281,,281
,,,,282,,282
,,,,282,,282
,,,,282,,282
,,,,282,,282
,,,,282,,282
,,,,282,,282
,,,,282,,282
,,,,282,,282
,,,,282,,282
,,,,282,,282
,,,,282,,282
,,,,282,,282
,,,,282,,282
,,,,283,,283
,,,,283,,283
,,,,283,,283
,,,,283,,283
,,,,283,,283
,,,,283,,283
,,,,284,,284
,,,,284,,284
,,,,284,,284
,,,,284,,284
,,,,284,,284
,,,,285,,285
,,,,285,,285
,,,,285,,285
,,,,285,,285
,,,,285,,285
,,,,285,,285
,,,,285,,285
,,,,285,,285
,,,,286,,286
,,,,286,,286
,,,,286,,286
,,,,286,,286
,,,,286,,286
,,,,286,,286
,,,,286,,286
,,,,286,,286
,,,,287,,287
,,,,287,,287
,,,,287,,287
,,,,287,,287
,,,,287,,287
,,,,287,,287
,,,,287,,287
,,,,287,,287
,,,,288,,288
,,,,288,,288
,,,,288,,288
,,,,288,,288
,,,,289,,289
,,,,289,,289
,,,,289,,289
,,,,289,,289
,,,,289,,289
,,,,289,,289
,,,,289,,289
,,,,290,,290
,,,,290,,290
,,,,290,,290
,,,,290,,290
,,,,290,,290
,,,,291,,291
,,,,291,,291
,,,,291,,291
,,,,292,,292
,,,,292,,292
,,,,292,,292
,,,,292,,292
,,,,292,,292
,,,,292,,292
,,,,292,,292
,,,,293,,293
,,,,293,,293
,,,,293,,293
,,,,293,,293
,,,,293,,293
,,,,293,,293
,,,,293,,293
,,,,293,,293
,,,,293,,293
,,,,293,,293
,,,,294,,294
,,,,294,,294
,,,,294,,294
,,,,294,,294
,,,,294,,294
,,,,294,,294
,,,,295,,295
,,,,295,,295
,,,,295,,295
,,,,295,,295
,,,,295,,295
,,,,295,,295
,,,,295,,295
,,,,295,,295
,,,,295,,295
,,,,296,,296
,,,,296,,296
,,,,296,,296
,,,,296,,296
,,,,296,,296
,,,,297,,297
,,,,297,,297
,,,,297,,297
,,,,297,,297
,,,,298,,298
,,,,298,,298
,,,,298,,298
,,,,298,,298
,,,,298,,298
,,,,299,,299
,,,,299,,299
,,,,299,,299
,,,,299,,299
,,,,300,,300
,,,,300,,300
,,,,300,,300
,,,,301,,301
,,,,301,,301
,,,,301,,301
,,,,301,,301
,,,,302,,302
,,,,302,,302
,,,,302,,302
,,,,302,,302
,,,,303,,303
,,,,304,,304
,,,,304,,304
,,,,305,,305
,,,,305,,305
,,,,306,,306
,,,,308,,308
,,,,310,,310
,,,,310,,310
,,,,312,,312
,,,,313,,313
,,,,313,,313
,,,,316,,316
,,,,321,,321
,,,,,,
,,,,,,
,,,,,,
,,,,,,
,,,,,,
,,,,,,
,,,,,,
,,,,,,
,,,,,,
,,,,,,
,,,,,,
,,,,,,
,,,,,,
