OID_,Value,Count,,0
1,0,1,,1
2,1,2,,1
4,2,3,,2
7,3,1,,2
8,4,3,,2
11,5,4,,3
15,6,7,,4
22,7,4,,4
26,8,3,,4
29,9,4,,5
33,10,7,,5
40,11,6,,5
46,12,11,,5
57,13,6,,6
63,14,4,,6
67,15,10,,6
77,16,8,,6
85,17,11,,6
96,18,15,,6
111,19,17,,6
128,20,15,,7
143,21,16,,7
159,22,13,,7
172,23,6,,7
178,24,9,,8
187,25,10,,8
197,26,13,,8
210,27,11,,9
221,28,17,,9
238,29,21,,9
259,30,23,,9
282,31,8,,10
290,32,17,,10
307,33,10,,10
317,34,10,,10
327,35,13,,10
340,36,11,,10
351,37,10,,10
361,38,16,,11
377,39,12,,11
389,40,12,,11
401,41,6,,11
407,42,15,,11
422,43,14,,11
436,44,11,,12
447,45,10,,12
457,46,9,,12
466,47,8,,12
474,48,1,,12
475,49,7,,12
482,50,4,,12
486,51,15,,12
501,52,4,,12
505,53,6,,12
511,54,5,,12
516,55,7,,13
523,56,6,,13
529,57,2,,13
531,58,5,,13
536,59,6,,13
542,60,4,,13
546,61,5,,14
551,62,5,,14
556,63,3,,14
559,64,2,,14
561,65,2,,15
563,66,1,,15
564,69,1,,15
565,297,1,,15
566,299,1,,15
567,315,1,,15
568,336,1,,15
569,338,1,,15
570,343,2,,15
572,344,1,,15
573,345,4,,16
577,346,2,,16
579,347,1,,16
580,348,3,,16
583,349,1,,16
584,350,3,,16
587,353,2,,16
589,355,1,,16
590,356,1,,17
591,357,2,,17
593,358,2,,17
595,361,2,,17
597,362,3,,17
600,363,1,,17
601,364,1,,17
,,,,17
,,,,17
,,,,17
,,,,17
,,,,18
,,,,18
,,,,18
,,,,18
,,,,18
,,,,18
,,,,18
,,,,18
,,,,18
,,,,18
,,,,18
,,,,18
,,,,18
,,,,18
,,,,18
,,,,19
,,,,19
,,,,19
,,,,19
,,,,19
,,,,19
,,,,19
,,,,19
,,,,19
,,,,19
,,,,19
,,,,19
,,,,19
,,,,19
,,,,19
,,,,19
,,,,19
,,,,20
,,,,20
,,,,20
,,,,20
,,,,20
,,,,20
,,,,20
,,,,20
,,,,20
,,,,20
,,,,20
,,,,20
,,,,20
,,,,20
,,,,20
,,,,21
,,,,21
,,,,21
,,,,21
,,,,21
,,,,21
,,,,21
,,,,21
,,,,21
,,,,21
,,,,21
,,,,21
,,,,21
,,,,21
,,,,21
,,,,21
,,,,22
,,,,22
,,,,22
,,,,22
,,,,22
,,,,22
,,,,22
,,,,22
,,,,22
,,,,22
,,,,22
,,,,22
,,,,22
,,,,23
,,,,23
,,,,23
,,,,23
,,,,23
,,,,23
,,,,24
,,,,24
,,,,24
,,,,24
,,,,24
,,,,24
,,,,24
,,,,24
,,,,24
,,,,25
,,,,25
,,,,25
,,,,25
,,,,25
,,,,25
,,,,25
,,,,25
,,,,25
,,,,25
,,,,26
,,,,26
,,,,26
,,,,26
,,,,26
,,,,26
,,,,26
,,,,26
,,,,26
,,,,26
,,,,26
,,,,26
,,,,26
,,,,27
,,,,27
,,,,27
,,,,27
,,,,27
,,,,27
,,,,27
,,,,27
,,,,27
,,,,27
,,,,27
,,,,28
,,,,28
,,,,28
,,,,28
,,,,28
,,,,28
,,,,28
,,,,28
,,,,28
,,,,28
,,,,28
,,,,28
,,,,28
,,,,28
,,,,28
,,,,28
,,,,28
,,,,29
,,,,29
,,,,29
,,,,29
,,,,29
,,,,29
,,,,29
,,,,29
,,,,29
,,,,29
,,,,29
,,,,29
,,,,29
,,,,29
,,,,29
,,,,29
,,,,29
,,,,29
,,,,29
,,,,29
,,,,29
,,,,30
,,,,30
,,,,30
,,,,30
,,,,30
,,,,30
,,,,30
,,,,30
,,,,30
,,,,30
,,,,30
,,,,30
,,,,30
,,,,30
,,,,30
,,,,30
,,,,30
,,,,30
,,,,30
,,,,30
,,,,30
,,,,30
,,,,30
,,,,31
,,,,31
,,,,31
,,,,31
,,,,31
,,,,31
,,,,31
,,,,31
,,,,32
,,,,32
,,,,32
,,,,32
,,,,32
,,,,32
,,,,32
,,,,32
,,,,32
,,,,32
,,,,32
,,,,32
,,,,32
,,,,32
,,,,32
,,,,32
,,,,32
,,,,33
,,,,33
,,,,33
,,,,33
,,,,33
,,,,33
,,,,33
,,,,33
,,,,33
,,,,33
,,,,34
,,,,34
,,,,34
,,,,34
,,,,34
,,,,34
,,,,34
,,,,34
,,,,34
,,,,34
,,,,35
,,,,35
,,,,35
,,,,35
,,,,35
,,,,35
,,,,35
,,,,35
,,,,35
,,,,35
,,,,35
,,,,35
,,,,35
,,,,36
,,,,36
,,,,36
,,,,36
,,,,36
,,,,36
,,,,36
,,,,36
,,,,36
,,,,36
,,,,36
,,,,37
,,,,37
,,,,37
,,,,37
,,,,37
,,,,37
,,,,37
,,,,37
,,,,37
,,,,37
,,,,38
,,,,38
,,,,38
,,,,38
,,,,38
,,,,38
,,,,38
,,,,38
,,,,38
,,,,38
,,,,38
,,,,38
,,,,38
,,,,38
,,,,38
,,,,38
,,,,39
,,,,39
,,,,39
,,,,39
,,,,39
,,,,39
,,,,39
,,,,39
,,,,39
,,,,39
,,,,39
,,,,39
,,,,40
,,,,40
,,,,40
,,,,40
,,,,40
,,,,40
,,,,40
,,,,40
,,,,40
,,,,40
,,,,40
,,,,40
,,,,41
,,,,41
,,,,41
,,,,41
,,,,41
,,,,41
,,,,42
,,,,42
,,,,42
,,,,42
,,,,42
,,,,42
,,,,42
,,,,42
,,,,42
,,,,42
,,,,42
,,,,42
,,,,42
,,,,42
,,,,42
,,,,43
,,,,43
,,,,43
,,,,43
,,,,43
,,,,43
,,,,43
,,,,43
,,,,43
,,,,43
,,,,43
,,,,43
,,,,43
,,,,43
,,,,44
,,,,44
,,,,44
,,,,44
,,,,44
,,,,44
,,,,44
,,,,44
,,,,44
,,,,44
,,,,44
,,,,45
,,,,45
,,,,45
,,,,45
,,,,45
,,,,45
,,,,45
,,,,45
,,,,45
,,,,45
,,,,46
,,,,46
,,,,46
,,,,46
,,,,46
,,,,46
,,,,46
,,,,46
,,,,46
,,,,47
,,,,47
,,,,47
,,,,47
,,,,47
,,,,47
,,,,47
,,,,47
,,,,48
,,,,49
,,,,49
,,,,49
,,,,49
,,,,49
,,,,49
,,,,49
,,,,50
,,,,50
,,,,50
,,,,50
,,,,51
,,,,51
,,,,51
,,,,51
,,,,51
,,,,51
,,,,51
,,,,51
,,,,51
,,,,51
,,,,51
,,,,51
,,,,51
,,,,51
,,,,51
,,,,52
,,,,52
,,,,52
,,,,52
,,,,53
,,,,53
,,,,53
,,,,53
,,,,53
,,,,53
,,,,54
,,,,54
,,,,54
,,,,54
,,,,54
,,,,55
,,,,55
,,,,55
,,,,55
,,,,55
,,,,55
,,,,55
,,,,56
,,,,56
,,,,56
,,,,56
,,,,56
,,,,56
,,,,57
,,,,57
,,,,58
,,,,58
,,,,58
,,,,58
,,,,58
,,,,59
,,,,59
,,,,59
,,,,59
,,,,59
,,,,59
,,,,60
,,,,60
,,,,60
,,,,60
,,,,61
,,,,61
,,,,61
,,,,61
,,,,61
,,,,62
,,,,62
,,,,62
,,,,62
,,,,62
,,,,63
,,,,63
,,,,63
,,,,64
,,,,64
,,,,65
,,,,65
,,,,66
,,,,69
,,,,297
,,,,299
,,,,315
,,,,336
,,,,338
,,,,343
,,,,343
,,,,344
,,,,345
,,,,345
,,,,345
,,,,345
,,,,346
,,,,346
,,,,347
,,,,348
,,,,348
,,,,348
,,,,349
,,,,350
,,,,350
,,,,350
,,,,353
,,,,353
,,,,355
,,,,356
,,,,357
,,,,357
,,,,358
,,,,358
,,,,361
,,,,361
,,,,362
,,,,362
,,,,362
,,,,363
,,,,364
,,,,
,,,,
,,,,
,,,,
,,,,
,,,,
,,,,
,,,,
